482.6000061035156
158.7899932861328
489.5199890136719
162.3699951171875
504.07000732421875
136.24000549316406
508.8900146484375
236.72999572753906
222.36000061035156
296.79998779296875
172.07000732421875
167.5500030517578
229.64999389648438
399.54998779296875
227.39999389648438
490.3500061035156
426.2099914550781
308.6199951171875
436.5199890136719
384.6600036621094
337.17999267578125
158.25
216.72000122070312
205.27000427246094
422.92999267578125
201.22999572753906
266.45001220703125
226.3300018310547
207.14999389648438
420.4200134277344
339.010009765625
335.2900085449219
346.6199951171875
199.14999389648438
211.9199981689453
214.14999389648438
329.80999755859375
160.24000549316406
381.6300048828125
333.1099853515625
158.8699951171875
203.83999633789062
218.0800018310547
296.0199890136719
167.92999267578125
177.41000366210938
476.2799987792969
182.35000610351562
289.2900085449219
304.79998779296875
393.17999267578125
360.3800048828125
184.02999877929688
425.1099853515625
372.8399963378906
351.489990234375
477.239990234375
331.8900146484375
167.64999389648438
403.6400146484375
146.61000061035156
209.75999450683594
288.07000732421875
183.24000549316406
429.8999938964844
361.1000061035156
315.8800048828125
385.0899963378906
477.7300109863281
484.32000732421875
307.3900146484375
289.4599914550781
142.44000244140625
516.3300170898438
209.7100067138672
391.3699951171875
163.33999633789062
334.8999938964844
326.75
206.14999389648438
212.7899932861328
210.02999877929688
225.61000061035156
160.36000061035156
277.8800048828125
433.82000732421875
209.5800018310547
234.08999633789062
173.1199951171875
298.8800048828125
228.0800018310547
297.3699951171875
374.989990234375
178.49000549316406
324.6099853515625
291.05999755859375
339.8999938964844
232.5500030517578
302.69000244140625
337.6300048828125
828.4000244140625
1542.1800537109375
812.6300048828125
1700.280029296875
1217.93994140625
577.6599731445312
1467.9100341796875
1450.6800537109375
802.989990234375
1452.4300537109375
732.260009765625
1538.18994140625
1481.0400390625
1623.8599853515625
1566.77001953125
1504.8900146484375
777.6400146484375
735.760009765625
1313.72998046875
737.0399780273438
1567.3299560546875
1686.280029296875
718.8400268554688
1143.739990234375
775.5499877929688
1685.239990234375
802.219970703125
697.8099975585938
587.0700073242188
773.3900146484375
1503.0400390625
941.8099975585938
955.530029296875
735.1500244140625
1423.1400146484375
770.9000244140625
1066.1600341796875
1413.3699951171875
1514.1400146484375
887.9099731445312
613.3499755859375
938.0999755859375
1131.9300537109375
789.0700073242188
1028.2900390625
1417.06005859375
1675.81005859375
1524.77001953125
820.4400024414062
1480.300048828125
797.6699829101562
1493.6199951171875
1069.8900146484375
1487.81005859375
1335.6800537109375
749.739990234375
1195.7099609375
1239.2900390625
782.25
722.1900024414062
1362.719970703125
587.5900268554688
1109.97998046875
897.4000244140625
1508.260009765625
1358.6099853515625
782.6799926757812
725.3800048828125
1609.6700439453125
442.70001220703125
751.1599731445312
929.4199829101562
829.0499877929688
1209.18994140625
1104.8599853515625
1415.4000244140625
1632.9200439453125
787.25
728.3099975585938
702.239990234375
1582.1099853515625
1312.4300537109375
774.2000122070312
1684.18994140625
1045.469970703125
1112.6600341796875
722.0800170898438
817.9199829101562
877.0700073242188
1423.4300537109375
1566.06005859375
1289.1300048828125
970.3099975585938
604.8900146484375
492.6000061035156
1170.489990234375
1060.4000244140625
682.8699951171875
688.1599731445312
862.1699829101562
1876.1400146484375
1591.3599853515625
1592.280029296875
1057.030029296875
1569.8800048828125
2064.10009765625
1201.8299560546875
991.9299926757812
1248.0899658203125
1719.31005859375
1387.219970703125
1402.5999755859375
1601.8599853515625
1146.47998046875
1742.719970703125
1691.280029296875
1608.77001953125
1127.5400390625
1892.97998046875
1562.5799560546875
1020.030029296875
1415.5899658203125
1911.1300048828125
1727.5799560546875
1745.3299560546875
1402.8399658203125
1373.699951171875
1841.2900390625
1057.7900390625
1651.1500244140625
652.8599853515625
1434.699951171875
1199.56005859375
1274.25
1075.5799560546875
1776.510009765625
1113.0
1678.0
1636.56005859375
1612.6800537109375
1174.8800048828125
1574.6400146484375
803.52001953125
1557.6300048828125
1676.18994140625
1815.510009765625
2027.3800048828125
1812.739990234375
1557.97998046875
1791.5799560546875
1276.260009765625
1223.0999755859375
1961.989990234375
1596.5
1912.1300048828125
1164.3699951171875
1525.0799560546875
880.1799926757812
1535.1300048828125
1264.510009765625
1584.4100341796875
1686.56005859375
1809.7099609375
1272.489990234375
1622.6199951171875
1773.949951171875
1785.5799560546875
1233.4100341796875
1535.010009765625
1882.469970703125
1714.6300048828125
1810.25
1377.0799560546875
1139.47998046875
952.3300170898438
885.77001953125
1886.9100341796875
1490.3299560546875
1543.02001953125
954.9000244140625
2048.969970703125
1188.6600341796875
1620.72998046875
1948.8199462890625
1282.780029296875
1919.449951171875
1783.6300048828125
1114.02001953125
1625.0
1159.18994140625
2098.52001953125
1867.1800537109375
2041.6500244140625
1916.6199951171875
1137.239990234375
1488.530029296875
1017.739990234375
1824.27001953125
1634.6400146484375
1645.7099609375
1457.1400146484375
926.0900268554688
1196.239990234375
810.3800048828125
1407.510009765625
767.6799926757812
857.47998046875
1464.7900390625
1403.7099609375
1492.6800537109375
837.5800170898438
1287.5
1117.1700439453125
1142.050048828125
1245.260009765625
882.9000244140625
1033.02001953125
628.0599975585938
1087.300048828125
1073.81005859375
1489.3299560546875
801.5499877929688
759.2100219726562
1469.280029296875
1554.010009765625
1105.97998046875
1244.3299560546875
1646.6800537109375
1120.22998046875
1057.3599853515625
624.6199951171875
706.8499755859375
647.2000122070312
1922.25
1361.4000244140625
780.6500244140625
762.52001953125
684.8800048828125
982.260009765625
1050.5899658203125
717.9299926757812
878.5399780273438
1299.199951171875
1301.06005859375
876.4299926757812
1123.239990234375
1342.6300048828125
644.4000244140625
832.4500122070312
1150.3299560546875
1626.8399658203125
1039.239990234375
632.3499755859375
1125.6700439453125
661.3400268554688
744.9600219726562
1359.1800537109375
1389.25
634.5900268554688
738.280029296875
733.0399780273438
1117.31005859375
1761.260009765625
1392.989990234375
617.8699951171875
1705.699951171875
1446.0799560546875
742.0399780273438
759.6900024414062
1099.6800537109375
1001.0399780273438
1113.4300537109375
1390.7900390625
1355.5699462890625
1380.4599609375
1093.97998046875
1398.68994140625
668.8200073242188
762.8099975585938
1203.9599609375
821.52001953125
991.75
1218.760009765625
558.5499877929688
1171.2900390625
795.52001953125
1936.7099609375
578.0800170898438
889.3200073242188
1386.699951171875
676.530029296875
977.469970703125
680.7999877929688
1397.050048828125
1693.72998046875
1120.800048828125
1385.1099853515625
833.9400024414062
1135.010009765625
1656.6500244140625
993.3400268554688
659.72998046875
836.719970703125
1093.1500244140625
808.0599975585938
521.8800048828125
1020.6799926757812
867.8400268554688
482.0299987792969
1158.989990234375
618.9400024414062
1031.5
762.8099975585938
916.5399780273438
727.8699951171875
612.1199951171875
1095.5699462890625
584.3699951171875
1255.469970703125
496.1400146484375
940.5900268554688
522.6400146484375
788.969970703125
800.1300048828125
672.0999755859375
755.1300048828125
1190.719970703125
721.5800170898438
494.1099853515625
1304.199951171875
508.3299865722656
720.5900268554688
986.22998046875
950.1099853515625
587.3699951171875
1605.77001953125
871.4600219726562
942.1500244140625
812.739990234375
978.0399780273438
980.469970703125
858.5
537.3099975585938
600.0999755859375
528.2999877929688
1064.56005859375
590.9500122070312
650.1300048828125
1040.75
672.6400146484375
284.8500061035156
287.9599914550781
292.82000732421875
713.1500244140625
1173.02001953125
589.6300048828125
996.6300048828125
773.22998046875
461.0
888.010009765625
831.9600219726562
811.6900024414062
861.3800048828125
679.9199829101562
1237.5
509.3399963378906
916.0999755859375
1140.4100341796875
1219.31005859375
309.5299987792969
803.8499755859375
839.8699951171875
1153.93994140625
1104.47998046875
769.719970703125
861.97998046875
1074.3199462890625
1184.31005859375
820.2100219726562
398.239990234375
553.0700073242188
711.1300048828125
288.92999267578125
311.7200012207031
809.3900146484375
645.4099731445312
1236.2099609375
875.7100219726562
770.9400024414062
1245.56005859375
544.6199951171875
622.75
353.6600036621094
735.489990234375
302.17999267578125
285.3800048828125
1049.4000244140625
765.1599731445312
792.5800170898438
814.52001953125
1017.2999877929688
872.3800048828125
679.5999755859375
282.7300109863281
1039.719970703125
263.67999267578125
882.7000122070312
603.1199951171875
888.8800048828125
627.1099853515625
843.7899780273438
788.0599975585938
637.2000122070312
456.6400146484375
279.20001220703125
812.3300170898438
729.969970703125
1252.199951171875
848.5
451.510009765625
1045.6600341796875
757.5599975585938
1236.3900146484375
413.45001220703125
612.9400024414062
525.4500122070312
656.5700073242188
757.3499755859375
830.25
381.19000244140625
638.3900146484375
995.2899780273438
725.8900146484375
659.1199951171875
280.2799987792969
925.4500122070312
1223.1600341796875
293.7099914550781
1161.47998046875
633.0900268554688
971.1799926757812
1037.969970703125
674.6400146484375
322.8399963378906
472.989990234375
379.8299865722656
1194.1600341796875
1171.7900390625
357.2699890136719
879.760009765625
1446.1099853515625
1149.780029296875
979.010009765625
1402.8399658203125
1204.1700439453125
473.2300109863281
809.030029296875
722.239990234375
1022.1500244140625
1311.6300048828125
778.6699829101562
1429.2900390625
883.3200073242188
672.0999755859375
1397.449951171875
741.1500244140625
675.239990234375
594.3900146484375
963.0900268554688
1345.0799560546875
664.72998046875
609.6500244140625
801.1799926757812
1497.6400146484375
1221.5400390625
775.1099853515625
1435.489990234375
789.1400146484375
1276.3399658203125
649.0399780273438
631.1599731445312
1141.2900390625
597.77001953125
621.6199951171875
771.9000244140625
1433.8399658203125
1345.1099853515625
938.0399780273438
1138.06005859375
1292.1500244140625
1513.18994140625
888.5399780273438
1112.1700439453125
1526.9599609375
789.77001953125
1467.739990234375
1389.1099853515625
1255.0799560546875
790.3900146484375
1267.5
1468.75
715.2899780273438
1525.0
1370.5899658203125
576.4199829101562
1290.530029296875
759.969970703125
608.6799926757812
728.0900268554688
1391.0799560546875
846.3699951171875
1156.47998046875
1109.1600341796875
1516.0999755859375
1372.219970703125
774.3300170898438
1103.7900390625
1290.6600341796875
1419.6400146484375
718.9600219726562
1520.5400390625
498.0
1295.260009765625
510.3999938964844
883.0999755859375
1136.06005859375
1355.1199951171875
747.9099731445312
1492.4100341796875
1013.969970703125
816.6799926757812
612.9299926757812
758.239990234375
1495.239990234375
893.2000122070312
666.4099731445312
1507.6600341796875
1383.239990234375
821.010009765625
1509.8499755859375
566.3499755859375
945.8300170898438
695.0700073242188
1073.47998046875
1007.1699829101562
1136.949951171875
679.0800170898438
1258.56005859375
1174.47998046875
721.4099731445312
1839.77001953125
1980.72998046875
1985.969970703125
1935.469970703125
1791.47998046875
2008.510009765625
2007.81005859375
1988.22998046875
2063.639892578125
2015.47998046875
1936.4100341796875
1935.469970703125
1794.5
2019.25
1840.5400390625
1902.969970703125
1827.27001953125
1936.0799560546875
1888.1700439453125
1904.4300537109375
1889.0799560546875
1782.469970703125
2009.0
1916.0699462890625
2021.9200439453125
1832.219970703125
1900.5400390625
2048.10009765625
1746.780029296875
1970.6600341796875
1840.81005859375
1907.949951171875
1979.47998046875
1917.739990234375
2058.010009765625
1818.47998046875
1807.0899658203125
1913.6099853515625
1846.1700439453125
1792.6300048828125
1836.5
2019.7099609375
1917.030029296875
1787.2900390625
1801.8499755859375
1888.550048828125
1881.8599853515625
1829.3399658203125
2201.010009765625
2034.530029296875
1810.6800537109375
1922.5
1855.510009765625
1971.0699462890625
1981.8900146484375
1857.5899658203125
1990.5899658203125
2170.909912109375
1885.800048828125
1892.43994140625
1807.5999755859375
1921.1199951171875
1798.5899658203125
1954.8499755859375
1988.239990234375
1852.8299560546875
1946.800048828125
1799.6600341796875
1957.530029296875
1821.0799560546875
2154.260009765625
1983.6800537109375
1878.4300537109375
2032.449951171875
1849.800048828125
2049.699951171875
1905.5799560546875
2016.739990234375
1882.8399658203125
1782.5400390625
1902.719970703125
1727.3900146484375
1853.530029296875
1880.6600341796875
1024.0400390625
1962.5799560546875
1898.719970703125
1865.9300537109375
1847.93994140625
2077.10009765625
1832.02001953125
1938.4200439453125
2115.280029296875
1851.3699951171875
1991.1099853515625
1799.550048828125
1897.75
2081.75
906.52001953125
1847.550048828125
1389.4300537109375
1179.4200439453125
931.02001953125
1871.02001953125
1449.199951171875
830.2999877929688
1223.6400146484375
1332.93994140625
681.7100219726562
1230.97998046875
2176.820068359375
1523.9200439453125
1812.8499755859375
1694.1300048828125
1520.25
1974.5899658203125
1689.25
1827.489990234375
1766.25
1409.8199462890625
1422.06005859375
2196.64990234375
1801.4000244140625
1801.6700439453125
1507.06005859375
1421.4300537109375
1601.5999755859375
831.5999755859375
1921.4000244140625
1453.489990234375
1690.800048828125
1587.0799560546875
1844.239990234375
1105.7900390625
1490.0
2018.02001953125
673.0399780273438
1829.219970703125
1673.5999755859375
446.4800109863281
1883.1800537109375
2092.8798828125
1111.52001953125
705.7100219726562
1342.469970703125
1742.260009765625
1876.7900390625
745.7000122070312
1593.739990234375
1434.699951171875
1511.489990234375
1445.8499755859375
1216.4000244140625
2077.02001953125
1620.469970703125
1036.1600341796875
1545.6800537109375
1928.6700439453125
1127.4300537109375
1868.9300537109375
1312.489990234375
1152.3699951171875
838.530029296875
161.52000427246094
1306.510009765625
1277.2900390625
1173.239990234375
1857.719970703125
1395.22998046875
871.9099731445312
1598.5
1401.1199951171875
1398.489990234375
532.2999877929688
1480.2099609375
1618.719970703125
1490.47998046875
1699.219970703125
663.5599975585938
1557.8499755859375
1205.030029296875
1064.050048828125
1484.3699951171875
1899.199951171875
644.4000244140625
1584.02001953125
1489.199951171875
1615.25
926.530029296875
1751.4599609375
2181.22998046875
739.1599731445312
1384.6300048828125
1365.7900390625
1506.2099609375
1755.300048828125
1776.6500244140625
1279.1500244140625
1042.280029296875
1219.27001953125
1509.260009765625
1762.22998046875
1579.02001953125
1758.800048828125
1855.75
1795.6600341796875
1827.6300048828125
1833.260009765625
1345.02001953125
1715.9000244140625
1340.06005859375
1197.81005859375
1255.1199951171875
1483.4000244140625
1449.0
1352.510009765625
1578.780029296875
1447.280029296875
1411.8199462890625
1604.4100341796875
984.0999755859375
1657.280029296875
1770.550048828125
1151.8599853515625
1268.3199462890625
2154.840087890625
1250.97998046875
1667.2099609375
1565.8699951171875
1851.3900146484375
527.1300048828125
1483.0699462890625
1378.800048828125
1140.760009765625
610.4099731445312
1450.0400390625
1114.1600341796875
1181.699951171875
1703.8900146484375
1276.8199462890625
784.239990234375
1373.06005859375
819.1400146484375
1800.5699462890625
1066.3299560546875
1863.52001953125
1919.68994140625
1129.1400146484375
932.719970703125
1769.3699951171875
1490.5799560546875
1609.47998046875
1808.780029296875
2137.8798828125
1524.469970703125
757.1199951171875
1627.530029296875
679.0599975585938
1307.47998046875
1938.8599853515625
1870.8800048828125
779.3599853515625
678.0999755859375
1351.7900390625
1624.469970703125
1119.510009765625
826.469970703125
1544.739990234375
1513.68994140625
2102.739990234375
1830.969970703125
1867.0
951.0599975585938
1666.6199951171875
1257.3900146484375
1441.3599853515625
1717.239990234375
1926.4200439453125
1668.6700439453125
1656.1400146484375
880.219970703125
1769.5999755859375
1931.3800048828125
1540.8299560546875
1581.3499755859375
1366.449951171875
633.1400146484375
1064.3800048828125
766.22998046875
1587.489990234375
1968.1800537109375
2000.6500244140625
1362.9000244140625
1471.510009765625
1134.2099609375
1463.22998046875
1703.780029296875
1739.81005859375
1294.93994140625
1645.3900146484375
1445.8900146484375
1379.1700439453125
1874.1199951171875
1540.1199951171875
981.239990234375
1630.5799560546875
1384.3299560546875
1490.4000244140625
1627.56005859375
1970.8499755859375
1498.5699462890625
1699.4300537109375
1733.0999755859375
1498.9200439453125
1556.1500244140625
2156.39990234375
1842.550048828125
2030.5899658203125
1524.1199951171875
1028.6800537109375
1160.239990234375
2142.010009765625
1984.469970703125
1888.3299560546875
1200.3699951171875
1724.7900390625
926.5399780273438
471.5899963378906
1436.81005859375
1564.1400146484375
1178.4200439453125
1082.3599853515625
1191.97998046875
1923.4100341796875
1897.4000244140625
1598.02001953125
1774.3800048828125
1978.02001953125
1994.4599609375
1752.9100341796875
1593.1500244140625
1625.010009765625
1823.800048828125
1493.969970703125
1966.6500244140625
1499.3399658203125
1305.949951171875
1801.47998046875
1772.1500244140625
1860.2099609375
657.1900024414062
766.9299926757812
1924.1400146484375
1587.3900146484375
1726.6800537109375
2002.8299560546875
1590.199951171875
1822.1800537109375
1633.6800537109375
1887.4200439453125
1236.72998046875
1829.4100341796875
794.489990234375
1538.3199462890625
1683.739990234375
979.4500122070312
1249.0
1498.1400146484375
1015.9400024414062
1917.81005859375
1688.2900390625
803.489990234375
1596.4599609375
1786.1300048828125
808.1500244140625
1230.9000244140625
1624.6700439453125
1790.0799560546875
1752.6199951171875
1457.3599853515625
1059.3299560546875
1040.4300537109375
954.5900268554688
1475.9300537109375
1407.699951171875
805.8699951171875
1788.239990234375
1084.8900146484375
1128.2900390625
1720.6300048828125
1533.2099609375
1043.6800537109375
1832.6700439453125
1262.0799560546875
1142.3299560546875
1542.3800048828125
620.1799926757812
1322.3299560546875
1164.969970703125
1775.1400146484375
806.0499877929688
1372.6700439453125
996.3499755859375
1882.8599853515625
1449.260009765625
1499.1300048828125
1798.300048828125
1691.56005859375
831.239990234375
1867.81005859375
1700.4200439453125
1142.739990234375
1247.260009765625
1567.93994140625
1573.8299560546875
1260.010009765625
1684.2900390625
1697.800048828125
1702.6500244140625
1649.0899658203125
1443.5799560546875
1715.1099853515625
700.489990234375
1430.030029296875
1320.72998046875
1520.1500244140625
1166.2099609375
1564.8499755859375
1824.1800537109375
972.3599853515625
1492.7099609375
1228.43994140625
1804.3900146484375
1568.8299560546875
1323.1400146484375
635.1099853515625
1197.3800048828125
1901.030029296875
1673.739990234375
873.0
1783.97998046875
1454.77001953125
1250.2900390625
1840.9200439453125
1517.449951171875
1445.0400390625
569.5
1140.9300537109375
1798.9200439453125
1752.06005859375
974.5499877929688
976.469970703125
1833.3900146484375
1187.3199462890625
1366.3699951171875
1744.1400146484375
1674.27001953125
1490.9000244140625
869.280029296875
1804.3399658203125
1706.3900146484375
1725.1600341796875
1773.5999755859375
1400.469970703125
1308.43994140625
1476.9200439453125
1883.6300048828125
790.47998046875
1740.719970703125
1739.93994140625
1536.5999755859375
1410.1700439453125
1771.0799560546875
760.25
1722.739990234375
1408.75
1847.800048828125
2003.8599853515625
1491.449951171875
1154.6099853515625
1452.97998046875
1780.0400390625
1685.699951171875
988.47998046875
1037.77001953125
1265.3800048828125
1235.9200439453125
1439.02001953125
1783.6300048828125
2127.969970703125
1501.530029296875
1196.260009765625
1239.3199462890625
1176.300048828125
1533.9300537109375
1250.8299560546875
2082.14990234375
1685.9300537109375
1760.719970703125
1245.0699462890625
1603.3599853515625
1566.199951171875
272.17999267578125
2059.830078125
1394.56005859375
1617.9200439453125
1609.6700439453125
1880.52001953125
1870.280029296875
936.030029296875
652.3200073242188
1206.27001953125
739.6099853515625
1752.9200439453125
1753.02001953125
1934.739990234375
496.2799987792969
1394.719970703125
1733.43994140625
1436.969970703125
1589.530029296875
1501.969970703125
1186.3599853515625
1756.6099853515625
1157.300048828125
1573.5999755859375
1715.239990234375
1497.1199951171875
1933.1199951171875
1661.5400390625
781.760009765625
1583.2099609375
665.3499755859375
1616.449951171875
1687.1400146484375
1775.52001953125
812.0
1510.0899658203125
1370.1199951171875
944.969970703125
1611.9000244140625
902.4600219726562
1642.5799560546875
1684.199951171875
1643.469970703125
1971.6800537109375
1816.510009765625
1508.22998046875
1173.7099609375
1156.8299560546875
1711.8199462890625
1270.1800537109375
1564.81005859375
1393.0799560546875
728.6799926757812
1153.8299560546875
1462.760009765625
970.5499877929688
1800.25
1249.18994140625
2019.550048828125
485.3599853515625
1798.3299560546875
1476.199951171875
1815.949951171875
1597.1800537109375
392.4599914550781
806.7100219726562
1804.8399658203125
659.9400024414062
1032.5699462890625
1518.1199951171875
1489.3599853515625
1722.0400390625
1335.2099609375
1767.22998046875
1338.6300048828125
1712.3499755859375
819.3900146484375
1494.52001953125
1224.6700439453125
1194.3299560546875
1505.6500244140625
1669.5999755859375
1645.6600341796875
516.989990234375
1232.800048828125
817.739990234375
1427.0
1546.489990234375
1070.9300537109375
1196.8199462890625
933.9000244140625
1126.18994140625
1147.31005859375
1540.219970703125
1920.4200439453125
1941.8800048828125
1888.699951171875
1349.3499755859375
1930.949951171875
1785.6500244140625
1056.3199462890625
1229.199951171875
628.6300048828125
1106.6099853515625
1519.8199462890625
1194.6300048828125
1758.93994140625
1741.010009765625
1517.1600341796875
796.9000244140625
1497.050048828125
1212.72998046875
1697.469970703125
1718.699951171875
1927.6300048828125
1195.02001953125
1696.8399658203125
812.8099975585938
1536.8199462890625
1250.780029296875
1094.75
1718.5899658203125
1407.7099609375
1648.0699462890625
1797.2900390625
957.5599975585938
1284.8599853515625
1555.97998046875
685.6900024414062
1602.969970703125
1351.3800048828125
876.780029296875
1887.6400146484375
1486.8499755859375
2179.139892578125
1188.800048828125
558.6799926757812
1105.449951171875
1494.8900146484375
1854.300048828125
1770.719970703125
1715.4000244140625
1373.3699951171875
1228.280029296875
1714.3399658203125
1673.510009765625
1395.75
1504.9300537109375
1886.5899658203125
1393.56005859375
1576.699951171875
1444.280029296875
1676.260009765625
1809.0699462890625
1809.47998046875
1756.5799560546875
1244.760009765625
1111.4200439453125
1135.719970703125
1440.3800048828125
1601.0
990.9199829101562
1884.239990234375
1638.8299560546875
829.52001953125
1473.3399658203125
2018.5999755859375
1536.949951171875
1129.1700439453125
1049.75
1512.02001953125
1249.199951171875
848.1699829101562
1382.699951171875
812.0
1428.4100341796875
1280.22998046875
1230.7099609375
1672.199951171875
1006.6599731445312
1316.8599853515625
1191.52001953125
1161.4000244140625
1506.050048828125
1620.6099853515625
743.6199951171875
1680.739990234375
1230.4100341796875
546.780029296875
1378.469970703125
942.1799926757812
1471.02001953125
1100.5799560546875
1631.780029296875
1296.1300048828125
1436.9000244140625
896.6300048828125
1725.6099853515625
1192.4300537109375
1602.0
1191.81005859375
1620.9100341796875
1909.9000244140625
2109.840087890625
1600.68994140625
1324.72998046875
665.5499877929688
1707.4300537109375
1523.510009765625
1487.06005859375
1401.719970703125
1616.9100341796875
1863.9000244140625
1476.6199951171875
1460.52001953125
1513.8499755859375
1091.5
2068.739990234375
1792.81005859375
1806.3299560546875
1208.8199462890625
1408.68994140625
1629.6300048828125
1574.75
1454.949951171875
650.530029296875
1818.31005859375
1104.3199462890625
1738.81005859375
1418.8299560546875
878.22998046875
1600.1099853515625
1859.7099609375
1376.2900390625
1940.5400390625
1563.239990234375
1534.9200439453125
800.530029296875
1506.3800048828125
2111.10009765625
1495.6800537109375
1778.3399658203125
1803.8699951171875
1681.6800537109375
1483.1700439453125
1840.469970703125
1484.2099609375
1529.6400146484375
1490.68994140625
1536.8299560546875
1609.02001953125
2106.3798828125
901.1699829101562
754.3099975585938
1876.93994140625
1521.4100341796875
1305.3299560546875
392.7200012207031
1371.77001953125
833.22998046875
924.47998046875
1827.2900390625
957.1799926757812
1482.3499755859375
1763.1099853515625
1738.9100341796875
1356.9100341796875
1906.050048828125
1429.0999755859375
1155.010009765625
1215.800048828125
1845.3299560546875
1439.1300048828125
1698.0
1607.9599609375
1352.510009765625
978.0800170898438
1529.989990234375
1540.3800048828125
1264.280029296875
1491.6700439453125
1716.0699462890625
1572.969970703125
1167.8800048828125
1659.4599609375
1458.97998046875
1662.719970703125
1784.97998046875
1069.7099609375
1965.1199951171875
1485.5699462890625
1811.780029296875
980.77001953125
2003.6300048828125
1598.75
1934.3199462890625
1176.8800048828125
1113.469970703125
1869.0400390625
1769.93994140625
1489.0999755859375
1057.199951171875
1424.449951171875
1784.68994140625
1190.3499755859375
1538.8399658203125
1342.5999755859375
470.3800048828125
1706.3499755859375
1096.7900390625
1252.31005859375
1256.1800537109375
2196.89990234375
1285.300048828125
1429.969970703125
1690.780029296875
978.6300048828125
680.0700073242188
1388.760009765625
1500.1099853515625
1412.800048828125
1580.530029296875
1026.5699462890625
1023.6199951171875
1364.1199951171875
1488.239990234375
1445.8299560546875
1506.949951171875
1828.97998046875
1525.3299560546875
1203.1400146484375
987.1300048828125
1489.8699951171875
1788.25
1359.6700439453125
1441.4300537109375
1520.8800048828125
686.7899780273438
1355.219970703125
1052.6500244140625
730.9000244140625
1332.300048828125
1653.1099853515625
1565.9599609375
1838.0999755859375
1257.6800537109375
1698.0
924.4600219726562
1613.1600341796875
1876.27001953125
1104.5899658203125
1959.5799560546875
1277.3699951171875
1945.8399658203125
739.8400268554688
612.25
1530.27001953125
1141.4100341796875
1808.280029296875
1290.030029296875
1816.56005859375
1525.699951171875
1518.9100341796875
1620.199951171875
1189.8900146484375
892.3800048828125
1814.219970703125
1696.8599853515625
561.6699829101562
1183.3399658203125
805.6400146484375
1082.300048828125
926.8099975585938
1485.6400146484375
1479.8900146484375
1546.47998046875
1982.3599853515625
617.9600219726562
767.469970703125
619.1799926757812
1346.47998046875
1084.3299560546875
1559.1800537109375
1012.9299926757812
2077.3701171875
1615.969970703125
334.7300109863281
1526.1700439453125
1196.7900390625
631.9099731445312
1190.239990234375
1517.3199462890625
877.4500122070312
1791.93994140625
1775.969970703125
1734.8499755859375
901.6599731445312
461.2900085449219
1466.0400390625
1084.6300048828125
1561.52001953125
1513.6700439453125
1162.3599853515625
1643.699951171875
402.29998779296875
655.0700073242188
1691.9599609375
1711.8599853515625
751.6900024414062
977.030029296875
1143.800048828125
1519.449951171875
1479.0699462890625
1407.97998046875
1783.1500244140625
466.6600036621094
1376.7099609375
858.0999755859375
1507.8599853515625
1672.9599609375
1762.06005859375
1668.550048828125
1453.77001953125
1924.719970703125
1428.4300537109375
1934.0
1240.5799560546875
1607.300048828125
888.5999755859375
1498.9200439453125
1303.5799560546875
870.1900024414062
1524.780029296875
1729.8599853515625
1591.1400146484375
1704.239990234375
1630.6199951171875
1726.3599853515625
1488.7099609375
1231.239990234375
1383.3499755859375
1244.1199951171875
933.219970703125
1767.0400390625
1602.1800537109375
1524.989990234375
1429.050048828125
2044.56005859375
1796.489990234375
1768.3800048828125
471.7200012207031
1213.1400146484375
1211.9300537109375
2036.0899658203125
1538.5400390625
1082.43994140625
1497.97998046875
979.280029296875
1915.6800537109375
1731.18994140625
2148.840087890625
1633.8800048828125
1460.300048828125
1005.9500122070312
1953.1700439453125
1723.510009765625
492.739990234375
1359.760009765625
877.52001953125
1388.0999755859375
1507.469970703125
1514.8599853515625
1488.449951171875
1714.1099853515625
1433.27001953125
1948.010009765625
1479.4599609375
1139.6700439453125
1099.4100341796875
1586.8900146484375
764.1699829101562
1471.6600341796875
1479.719970703125
1158.8299560546875
613.9099731445312
883.4199829101562
1342.260009765625
1209.0999755859375
1511.199951171875
1131.8199462890625
1832.2099609375
1699.6800537109375
643.1699829101562
1559.4300537109375
1503.68994140625
1421.1300048828125
1263.489990234375
1334.0799560546875
1767.0400390625
1523.75
1928.5699462890625
2097.97998046875
1963.47998046875
1508.6600341796875
1330.5999755859375
1075.8399658203125
1501.510009765625
1482.6099853515625
1770.43994140625
1731.3800048828125
589.3900146484375
1827.3800048828125
1942.219970703125
1805.8599853515625
1776.3399658203125
1299.949951171875
1384.31005859375
1186.2900390625
1244.4000244140625
1784.75
766.8300170898438
297.19000244140625
1002.7000122070312
590.3699951171875
1356.949951171875
1088.97998046875
907.7100219726562
692.530029296875
938.3400268554688
1683.469970703125
1430.260009765625
672.5900268554688
1283.47998046875
1724.449951171875
932.3499755859375
1723.18994140625
1834.93994140625
1423.9200439453125
1715.4000244140625
424.4200134277344
1476.199951171875
1418.8299560546875
974.8400268554688
1293.97998046875
1374.4100341796875
1230.1300048828125
1949.6199951171875
1062.4300537109375
1565.699951171875
763.3300170898438
2110.3798828125
1223.7900390625
1951.47998046875
1248.9200439453125
1403.300048828125
1252.989990234375
1564.3199462890625
725.0800170898438
1219.760009765625
511.54998779296875
1443.3399658203125
1719.1400146484375
1836.5
592.1099853515625
1713.949951171875
709.5700073242188
1069.68994140625
1015.22998046875
1144.300048828125
1724.449951171875
1419.0899658203125
1473.0400390625
1522.8699951171875
909.72998046875
699.9600219726562
1154.3499755859375
1943.52001953125
1790.530029296875
1114.3599853515625
2001.6700439453125
1835.300048828125
1664.3699951171875
1005.8499755859375
1578.010009765625
1444.760009765625
793.3300170898438
1281.510009765625
1134.1800537109375
1586.47998046875
1309.3699951171875
1527.4100341796875
1646.550048828125
1557.5
1435.5
1626.4599609375
1604.68994140625
1650.27001953125
1457.7900390625
1251.489990234375
1603.699951171875
1807.68994140625
1122.260009765625
1713.4200439453125
1195.8499755859375
912.1400146484375
1585.949951171875
1599.25
1927.489990234375
995.25
1248.0999755859375
1348.3299560546875
1117.31005859375
1807.5400390625
1224.989990234375
1977.989990234375
587.1799926757812
1390.8599853515625
1440.5899658203125
1373.0400390625
1594.780029296875
1767.4000244140625
1913.4000244140625
1552.5899658203125
1168.25
1315.4300537109375
1711.75
2113.550048828125
499.1400146484375
2004.2099609375
829.969970703125
1034.75
1753.3499755859375
1039.530029296875
1488.8900146484375
565.969970703125
1874.6199951171875
1489.93994140625
1929.1800537109375
1963.1800537109375
1318.5699462890625
1554.3900146484375
1548.989990234375
1952.9599609375
1693.4100341796875
1466.56005859375
914.6099853515625
867.3300170898438
1634.050048828125
842.4099731445312
1714.72998046875
1437.5999755859375
1390.4599609375
2262.780029296875
1581.510009765625
1605.18994140625
1595.75
1159.6600341796875
1765.449951171875
1739.77001953125
1880.1500244140625
610.3200073242188
1062.8599853515625
1054.449951171875
1484.0699462890625
1777.2099609375
1696.550048828125
1506.1099853515625
1826.300048828125
1638.5
1494.8599853515625
1653.780029296875
1721.9200439453125
1479.280029296875
1884.280029296875
955.4099731445312
1375.18994140625
1000.3200073242188
1722.52001953125
1649.6300048828125
1731.239990234375
668.3099975585938
1319.6400146484375
830.4000244140625
1211.81005859375
1211.6400146484375
1164.6199951171875
532.97998046875
1437.3199462890625
1405.030029296875
1672.300048828125
1167.25
723.8200073242188
1186.3399658203125
1587.699951171875
554.489990234375
600.6300048828125
1650.68994140625
1748.8800048828125
1273.989990234375
1646.5400390625
1691.030029296875
1719.9100341796875
1496.5699462890625
1630.5999755859375
1417.8699951171875
1396.97998046875
1771.75
1579.9200439453125
1212.3800048828125
729.47998046875
1183.4599609375
1118.68994140625
1341.9300537109375
596.6900024414062
1521.9200439453125
1958.1199951171875
1732.0400390625
1421.68994140625
1497.9200439453125
940.9199829101562
1716.5699462890625
2078.52001953125
1211.0999755859375
1190.3499755859375
1802.8699951171875
1232.1600341796875
1235.300048828125
1380.4000244140625
1471.260009765625
1004.6699829101562
1086.0899658203125
1877.489990234375
1779.3599853515625
1921.1099853515625
1445.4100341796875
1649.7099609375
1808.56005859375
1622.8599853515625
1932.52001953125
1712.6099853515625
1654.0400390625
1715.030029296875
1381.2099609375
1811.31005859375
1438.6400146484375
1599.25
1358.739990234375
1510.1700439453125
1537.8299560546875
1493.0
899.1799926757812
694.8400268554688
1730.030029296875
1604.31005859375
1246.2900390625
1150.0999755859375
1131.4200439453125
1502.1700439453125
1206.5899658203125
611.5599975585938
712.0499877929688
1586.010009765625
1710.3499755859375
1550.530029296875
1528.300048828125
1919.5999755859375
1913.5899658203125
1976.6199951171875
1230.0699462890625
1499.0799560546875
1065.52001953125
1092.9100341796875
1021.3699951171875
1772.739990234375
641.47998046875
1592.550048828125
1116.5799560546875
1631.510009765625
1021.9299926757812
1405.4200439453125
1640.9300537109375
1059.3599853515625
1516.0400390625
1726.8399658203125
516.2100219726562
1445.719970703125
1211.5799560546875
1494.6300048828125
1384.8599853515625
1497.6800537109375
743.22998046875
1440.06005859375
1657.18994140625
202.0500030517578
759.0900268554688
1968.8399658203125
1554.969970703125
754.9400024414062
1134.6099853515625
1804.530029296875
687.8699951171875
792.5599975585938
1962.72998046875
1746.010009765625
1723.3399658203125
1898.739990234375
1822.949951171875
1316.5699462890625
1606.3399658203125
1238.510009765625
1819.8299560546875
1671.989990234375
1552.9300537109375
1585.1500244140625
1975.8699951171875
607.1599731445312
1719.719970703125
1162.989990234375
1643.2099609375
1506.760009765625
821.3599853515625
1256.5799560546875
1564.5
1510.27001953125
812.4099731445312
1454.4000244140625
1905.050048828125
1461.239990234375
973.5599975585938
1491.280029296875
1409.31005859375
1537.949951171875
1867.5
1949.6199951171875
602.780029296875
220.5
824.219970703125
1624.6099853515625
1753.06005859375
918.3200073242188
1602.260009765625
1529.1300048828125
1804.56005859375
1670.4100341796875
1746.1400146484375
616.5900268554688
1807.1600341796875
1863.800048828125
1575.43994140625
1710.3800048828125
1928.25
1360.77001953125
1902.6300048828125
1381.75
1160.68994140625
1467.469970703125
974.530029296875
1574.8800048828125
1479.3699951171875
1758.760009765625
1216.81005859375
1590.010009765625
283.8299865722656
1906.43994140625
1449.72998046875
1422.3399658203125
543.239990234375
845.030029296875
1767.27001953125
1579.31005859375
1735.510009765625
1011.3499755859375
1808.3399658203125
1426.469970703125
843.6599731445312
1914.6500244140625
1304.02001953125
924.2999877929688
687.5999755859375
1188.8399658203125
1856.449951171875
1928.199951171875
1426.75
649.8599853515625
1264.780029296875
1124.06005859375
834.3099975585938
1734.56005859375
1255.3499755859375
1368.2099609375
1369.510009765625
1517.050048828125
1493.760009765625
1791.6099853515625
825.010009765625
1169.4599609375
1860.9100341796875
1670.8399658203125
409.67999267578125
1821.3199462890625
1462.800048828125
2163.7099609375
1765.8299560546875
858.7999877929688
1198.3299560546875
617.9000244140625
1710.1700439453125
1633.3699951171875
784.010009765625
1116.3299560546875
1647.8299560546875
617.5800170898438
1138.5899658203125
791.010009765625
1619.1300048828125
1494.93994140625
2175.56005859375
987.780029296875
1244.6800537109375
1233.5400390625
1550.530029296875
1970.75
669.0
1895.4100341796875
1370.7900390625
1426.8800048828125
751.739990234375
1583.6300048828125
1487.3199462890625
1885.0899658203125
1827.0799560546875
739.030029296875
1639.8199462890625
1197.4200439453125
1851.800048828125
1463.2900390625
1337.7099609375
1664.1199951171875
788.1799926757812
1166.6199951171875
1115.25
946.5999755859375
1499.9100341796875
1490.6800537109375
1820.6199951171875
1474.6800537109375
1399.280029296875
1440.239990234375
1260.280029296875
1410.6700439453125
1462.0899658203125
2033.4300537109375
1037.52001953125
1811.1500244140625
1608.6099853515625
1643.2900390625
1508.219970703125
1203.31005859375
1483.5799560546875
1931.97998046875
1707.1500244140625
853.3599853515625
1475.3399658203125
1505.6099853515625
2061.030029296875
1669.0999755859375
1608.2099609375
1744.06005859375
1434.1400146484375
1504.300048828125
1577.18994140625
1776.0999755859375
1134.3900146484375
1538.550048828125
862.1400146484375
1721.3599853515625
1775.2099609375
524.719970703125
1599.219970703125
1867.7900390625
1776.030029296875
1217.989990234375
1199.449951171875
745.6400146484375
1178.9200439453125
1784.949951171875
1311.9100341796875
1763.1800537109375
1226.56005859375
674.510009765625
1272.489990234375
1606.25
1283.4300537109375
1705.3399658203125
1236.3199462890625
419.2200012207031
970.6699829101562
1784.280029296875
2028.4000244140625
1648.3599853515625
1652.469970703125
1911.8599853515625
1224.4200439453125
1525.6199951171875
1717.9599609375
1628.1300048828125
1320.989990234375
1490.9000244140625
1449.1600341796875
1724.489990234375
1188.5999755859375
1739.4000244140625
1495.6800537109375
1157.050048828125
953.8900146484375
728.9199829101562
1887.4599609375
1263.9000244140625
1442.93994140625
877.5700073242188
1096.300048828125
1496.3499755859375
1478.06005859375
1195.18994140625
1346.8599853515625
1712.1800537109375
761.719970703125
1867.800048828125
1024.0899658203125
763.2000122070312
1683.25
1036.550048828125
1683.2900390625
1892.550048828125
1128.4000244140625
1832.280029296875
1703.239990234375
1929.18994140625
739.8300170898438
401.55999755859375
938.5
1541.030029296875
1759.510009765625
606.9299926757812
1782.5899658203125
1823.0400390625
1281.06005859375
1623.6300048828125
816.239990234375
680.2899780273438
1734.199951171875
817.969970703125
180.02999877929688
1303.719970703125
1892.97998046875
1713.18994140625
1652.8499755859375
1908.4599609375
1730.300048828125
2070.81005859375
1653.4000244140625
1436.030029296875
1312.719970703125
1684.449951171875
769.9400024414062
1501.2900390625
1438.6199951171875
1813.9300537109375
1199.6199951171875
1612.3499755859375
1217.449951171875
1530.6099853515625
1473.5
1419.6300048828125
1390.6199951171875
1142.4100341796875
1782.260009765625
1054.68994140625
1736.72998046875
2065.969970703125
770.22998046875
1832.93994140625
191.39999389648438
1838.8299560546875
1278.800048828125
1733.8900146484375
1717.8900146484375
1060.9300537109375
1752.8399658203125
1865.3299560546875
1642.5400390625
1597.010009765625
638.4400024414062
1519.93994140625
1736.3900146484375
1585.2099609375
1370.68994140625
1748.989990234375
961.989990234375
1873.3599853515625
1592.31005859375
1317.18994140625
243.42999267578125
1855.4300537109375
493.6099853515625
307.3999938964844
1274.8499755859375
937.3499755859375
1770.56005859375
1729.18994140625
1500.0799560546875
1827.5
1565.4599609375
1478.8599853515625
1574.3800048828125
1174.3499755859375
830.1900024414062
1617.02001953125
1229.9300537109375
1537.5999755859375
1264.3499755859375
1447.0899658203125
1726.0
1645.5699462890625
1536.8699951171875
689.8400268554688
1080.3800048828125
1467.1199951171875
1801.9000244140625
819.6599731445312
728.0999755859375
1209.9200439453125
1135.77001953125
1356.6600341796875
1077.43994140625
1644.77001953125
1647.81005859375
1833.5
802.489990234375
1760.949951171875
837.010009765625
1927.8499755859375
1833.9200439453125
1447.1099853515625
1228.4000244140625
1506.5999755859375
860.719970703125
1783.9000244140625
1351.68994140625
786.5800170898438
1658.9599609375
981.77001953125
884.02001953125
648.5999755859375
997.0
552.8499755859375
1886.75
1879.800048828125
1637.9100341796875
1270.030029296875
1129.8199462890625
601.5999755859375
1506.8399658203125
1586.1199951171875
1154.0899658203125
439.8599853515625
1498.1400146484375
1627.4200439453125
565.5
1378.949951171875
837.8499755859375
891.2899780273438
1181.0400390625
2067.739990234375
874.0499877929688
336.9800109863281
1275.989990234375
1859.199951171875
1441.18994140625
1859.6800537109375
1866.9000244140625
1143.280029296875
1671.300048828125
1874.6099853515625
1292.739990234375
945.010009765625
1087.699951171875
1721.56005859375
1341.1199951171875
1568.47998046875
982.010009765625
1654.3499755859375
2106.5400390625
1437.6400146484375
1105.260009765625
1879.510009765625
1934.9300537109375
1384.0
1671.81005859375
1487.3299560546875
986.8499755859375
1898.1800537109375
1296.030029296875
1280.0400390625
1540.6500244140625
1703.1300048828125
1504.5699462890625
554.77001953125
1416.300048828125
810.8200073242188
1039.3699951171875
206.1999969482422
1661.2900390625
1877.5799560546875
1751.800048828125
1206.6500244140625
1330.9599609375
1710.4200439453125
1969.47998046875
1593.1500244140625
1245.7099609375
1485.8599853515625
632.4600219726562
1803.969970703125
1967.219970703125
1090.6500244140625
1755.7900390625
1235.9200439453125
1740.719970703125
1796.8299560546875
1629.68994140625
696.0700073242188
963.2100219726562
1506.56005859375
1807.989990234375
1388.4300537109375
1194.4000244140625
1467.3499755859375
1400.3800048828125
1141.0999755859375
1801.550048828125
1561.489990234375
1828.0
1557.9100341796875
1077.1700439453125
1761.0
1474.719970703125
1675.0
953.719970703125
1574.8699951171875
1097.22998046875
942.5800170898438
1480.0899658203125
1656.9000244140625
1531.4200439453125
1505.3299560546875
1856.510009765625
1225.280029296875
808.25
982.9400024414062
1706.300048828125
1611.5400390625
1631.6199951171875
1374.8599853515625
1248.1099853515625
1365.3499755859375
762.2000122070312
1990.3900146484375
1180.52001953125
1895.010009765625
914.9099731445312
1374.68994140625
609.8200073242188
1414.9200439453125
1261.1700439453125
1064.5799560546875
364.9200134277344
1718.6800537109375
1711.22998046875
672.219970703125
1137.8800048828125
2044.31005859375
1854.8299560546875
1212.6800537109375
1882.0999755859375
1402.1199951171875
1572.0400390625
1562.9300537109375
1478.3900146484375
2113.010009765625
1001.530029296875
704.1199951171875
1938.0400390625
1616.3399658203125
1295.3900146484375
1892.7099609375
2162.2099609375
1534.0999755859375
1666.949951171875
1598.8399658203125
1400.1500244140625
1226.6300048828125
1275.1600341796875
1288.050048828125
1164.199951171875
1501.8900146484375
1945.0699462890625
1514.989990234375
1585.780029296875
1643.6700439453125
1614.68994140625
1119.449951171875
1813.47998046875
1062.719970703125
1425.0
1438.3800048828125
1415.800048828125
1950.3499755859375
600.6199951171875
1153.5999755859375
1374.02001953125
1932.719970703125
1731.1700439453125
1158.050048828125
1934.06005859375
1654.5999755859375
1622.489990234375
1808.489990234375
929.4000244140625
899.1500244140625
1795.1700439453125
326.9100036621094
1865.3599853515625
1923.6700439453125
1847.75
1735.5400390625
1415.260009765625
1503.4000244140625
1513.449951171875
1809.1300048828125
325.5
1653.1600341796875
1156.0899658203125
1192.469970703125
1930.68994140625
1246.1500244140625
1179.449951171875
1447.81005859375
1658.8800048828125
1593.0
1477.0799560546875
1586.56005859375
1447.030029296875
1817.550048828125
835.0399780273438
1324.22998046875
1126.0
1150.3199462890625
715.219970703125
673.1500244140625
961.2100219726562
1578.6300048828125
577.280029296875
1363.489990234375
835.6900024414062
1476.6300048828125
1886.3599853515625
1915.5
1546.72998046875
1901.68994140625
1492.0699462890625
1360.6600341796875
1649.1500244140625
1930.8499755859375
1161.9300537109375
517.2000122070312
1179.3399658203125
1834.6600341796875
1615.3199462890625
1863.0400390625
1932.449951171875
681.030029296875
574.219970703125
1741.489990234375
1125.56005859375
1768.27001953125
944.6599731445312
1829.0799560546875
1210.5799560546875
1626.7900390625
1212.5699462890625
1239.77001953125
1353.949951171875
1467.02001953125
1860.9599609375
1287.989990234375
1959.5699462890625
1499.4000244140625
1414.4300537109375
1649.300048828125
1661.31005859375
1890.300048828125
1697.260009765625
1567.9100341796875
1177.1800537109375
2078.739990234375
1135.1700439453125
806.6400146484375
1470.75
1313.1700439453125
1626.969970703125
880.97998046875
1302.1300048828125
1341.8299560546875
1682.3299560546875
1644.77001953125
2048.219970703125
1274.68994140625
1465.280029296875
1574.47998046875
557.3900146484375
1662.5400390625
1561.969970703125
1854.52001953125
1858.219970703125
593.7899780273438
582.9099731445312
1669.0
1818.0400390625
1156.93994140625
1836.75
812.9500122070312
1176.6099853515625
1408.0999755859375
743.3800048828125
2080.4599609375
1403.18994140625
1142.3599853515625
1772.0699462890625
1021.52001953125
1483.1800537109375
1015.4299926757812
776.1300048828125
1489.5
1590.75
1776.1500244140625
1530.3199462890625
1739.4200439453125
1632.3800048828125
1237.31005859375
1855.5799560546875
1606.030029296875
1423.969970703125
1914.06005859375
319.29998779296875
1729.1700439453125
1338.3399658203125
1623.52001953125
640.4099731445312
713.989990234375
1834.760009765625
1849.7900390625
1318.3399658203125
984.9299926757812
1584.8699951171875
1910.5799560546875
1695.31005859375
1315.6199951171875
1651.25
1718.239990234375
1236.1300048828125
1765.4200439453125
1684.0
1504.739990234375
1121.27001953125
1307.5400390625
851.4400024414062
1747.5799560546875
2062.89990234375
1615.280029296875
1872.7099609375
2180.219970703125
1840.72998046875
1441.1500244140625
1606.9599609375
784.1300048828125
925.5
1517.8399658203125
811.3900146484375
1476.8399658203125
1440.4599609375
1904.969970703125
961.2999877929688
1789.8199462890625
1645.7900390625
1583.1800537109375
1756.6099853515625
1543.8599853515625
1752.449951171875
499.42999267578125
918.530029296875
755.9500122070312
1437.949951171875
787.9500122070312
1855.77001953125
859.6099853515625
2141.760009765625
1215.510009765625
1355.43994140625
1107.4000244140625
465.260009765625
964.739990234375
1658.5799560546875
1399.260009765625
1686.9300537109375
1041.0699462890625
914.6500244140625
1421.219970703125
1315.239990234375
1376.43994140625
941.3900146484375
890.1099853515625
1551.6500244140625
1537.47998046875
1836.0699462890625
880.8400268554688
1139.6800537109375
495.260009765625
726.3900146484375
1658.27001953125
1455.8599853515625
1806.6400146484375
1494.93994140625
1599.47998046875
1547.4200439453125
1783.199951171875
1853.43994140625
1240.050048828125
1894.1800537109375
1462.4100341796875
1610.6400146484375
938.0599975585938
1437.6600341796875
1757.6199951171875
347.6099853515625
1857.239990234375
1884.6300048828125
1171.3399658203125
1495.68994140625
1094.7099609375
1752.8499755859375
1191.1500244140625
1490.260009765625
1494.550048828125
1564.239990234375
709.6799926757812
1692.06005859375
1617.1500244140625
1653.510009765625
1036.2099609375
1067.4599609375
1891.3699951171875
737.9600219726562
1757.449951171875
1939.1600341796875
911.5999755859375
1480.43994140625
1921.3299560546875
1559.1199951171875
810.52001953125
1802.719970703125
1205.489990234375
1258.3800048828125
980.9199829101562
1820.510009765625
989.3200073242188
1349.510009765625
1972.0999755859375
1461.8599853515625
1220.8900146484375
1644.5400390625
1674.02001953125
1382.1800537109375
964.5399780273438
1484.27001953125
1136.510009765625
730.7899780273438
1276.780029296875
1409.97998046875
380.0199890136719
1637.8599853515625
501.489990234375
1518.489990234375
1227.9200439453125
1745.5999755859375
1701.530029296875
1856.0699462890625
1472.739990234375
1535.0899658203125
411.79998779296875
899.3400268554688
1503.9599609375
1863.06005859375
1192.0899658203125
1685.3599853515625
1883.4599609375
1599.469970703125
1471.5400390625
1398.97998046875
1195.3699951171875
1584.4200439453125
490.489990234375
2197.320068359375
1394.72998046875
1021.8599853515625
739.8200073242188
695.4199829101562
1850.5799560546875
1423.989990234375
1443.5400390625
1906.6500244140625
1802.1300048828125
1377.760009765625
1608.3599853515625
1538.5799560546875
1056.4100341796875
1885.6300048828125
1607.1500244140625
1618.6800537109375
1609.1500244140625
1516.3399658203125
1933.22998046875
1513.800048828125
1714.1500244140625
969.780029296875
930.7100219726562
1681.0
1732.199951171875
1395.550048828125
913.47998046875
2020.219970703125
1323.8499755859375
1611.3699951171875
1619.219970703125
1627.300048828125
1509.1300048828125
1187.81005859375
1559.239990234375
1341.780029296875
1888.1400146484375
1193.0400390625
1711.280029296875
1692.760009765625
1601.300048828125
2125.5
1327.199951171875
1344.3399658203125
1641.75
1589.469970703125
1444.47998046875
869.6099853515625
1079.97998046875
1645.56005859375
1444.780029296875
1777.530029296875
1582.5
1281.8199462890625
995.9099731445312
1167.4100341796875
1153.2900390625
1866.2900390625
1427.800048828125
1247.510009765625
1852.2099609375
1421.1300048828125
1700.31005859375
1971.260009765625
1872.199951171875
1621.0699462890625
1684.510009765625
1638.8199462890625
1193.31005859375
501.8900146484375
1651.8900146484375
2008.97998046875
1790.1099853515625
1673.5400390625
2161.85009765625
1686.699951171875
1804.75
1385.6199951171875
1104.030029296875
1312.0999755859375
1747.1300048828125
1633.6700439453125
1617.280029296875
1184.9000244140625
1686.5400390625
1756.31005859375
968.7000122070312
1790.3699951171875
1440.02001953125
1935.5999755859375
2175.719970703125
1279.300048828125
869.9400024414062
1573.989990234375
1796.989990234375
1761.300048828125
1651.9200439453125
1058.18994140625
1910.9300537109375
1783.1600341796875
1845.530029296875
1475.81005859375
1614.1199951171875
1894.3800048828125
398.2699890136719
628.5900268554688
1424.989990234375
857.489990234375
1405.3900146484375
1164.280029296875
1738.02001953125
1097.1199951171875
1144.449951171875
1147.2099609375
1227.469970703125
1694.7900390625
1674.6500244140625
1344.0999755859375
1190.4300537109375
1762.5999755859375
1614.9599609375
1521.1500244140625
944.1799926757812
1944.239990234375
1513.5999755859375
1510.1300048828125
1331.2099609375
1525.47998046875
1726.800048828125
1323.949951171875
1209.3599853515625
479.44000244140625
962.3400268554688
1593.9100341796875
882.2100219726562
1448.260009765625
1538.4000244140625
1619.4300537109375
2052.0400390625
1909.469970703125
1752.22998046875
1609.1400146484375
1656.2900390625
1387.510009765625
1906.949951171875
1525.449951171875
1611.050048828125
1867.27001953125
1918.5999755859375
1465.3199462890625
1709.3299560546875
1583.3599853515625
1564.75
1810.8399658203125
1006.6300048828125
1081.0699462890625
2001.3299560546875
2091.030029296875
1497.7900390625
927.1599731445312
1683.6199951171875
1983.3399658203125
1530.2099609375
1611.8399658203125
1628.5899658203125
1937.199951171875
874.0599975585938
1729.93994140625
721.0800170898438
1282.530029296875
1599.56005859375
724.969970703125
1518.8199462890625
1598.81005859375
1887.93994140625
1756.2099609375
1708.969970703125
1237.3199462890625
1096.4000244140625
1320.25
1869.8900146484375
1849.5899658203125
1511.010009765625
1710.02001953125
1329.1600341796875
891.739990234375
1703.18994140625
1218.6099853515625
1554.3900146484375
1197.3599853515625
1530.77001953125
1807.1199951171875
1951.3499755859375
1934.7099609375
1530.2900390625
830.739990234375
1835.8800048828125
1248.6500244140625
1692.9599609375
1363.1700439453125
1716.0899658203125
1270.6600341796875
1020.1599731445312
1190.1199951171875
1613.7900390625
1445.3399658203125
1560.3599853515625
1091.5699462890625
1675.8900146484375
1621.6600341796875
1857.199951171875
1966.219970703125
1679.550048828125
485.45001220703125
1412.7099609375
1156.68994140625
1406.489990234375
2145.93994140625
850.5700073242188
1593.489990234375
1848.510009765625
1147.969970703125
1328.18994140625
1793.25
1752.6199951171875
1628.5400390625
1658.7099609375
649.3300170898438
843.3200073242188
1195.0
1275.5999755859375
1605.010009765625
1617.8399658203125
1621.9100341796875
1558.5400390625
1461.969970703125
1610.1099853515625
804.1199951171875
1708.25
1792.719970703125
1927.6199951171875
1893.0899658203125
1807.3599853515625
1499.4599609375
885.8800048828125
1015.8400268554688
1707.1600341796875
806.969970703125
1457.530029296875
1521.8699951171875
1524.8499755859375
876.5499877929688
1697.1099853515625
1909.81005859375
876.3699951171875
1720.1600341796875
953.8800048828125
945.9000244140625
1735.8699951171875
1315.3800048828125
1763.81005859375
1822.8800048828125
1585.6600341796875
974.280029296875
1467.300048828125
904.8800048828125
1424.1700439453125
1513.1300048828125
1131.949951171875
1539.3900146484375
1553.0
1110.8599853515625
862.0900268554688
1456.9599609375
1091.0699462890625
1731.4000244140625
1302.75
1274.6300048828125
1734.3199462890625
1385.3900146484375
813.8200073242188
1190.22998046875
1526.1800537109375
877.22998046875
648.3499755859375
723.010009765625
496.9700012207031
1354.6199951171875
1821.3299560546875
706.8400268554688
1602.9000244140625
1673.5400390625
1603.449951171875
1473.6099853515625
1659.6199951171875
1870.030029296875
863.5499877929688
1491.550048828125
2127.81005859375
1571.52001953125
1782.9599609375
1349.0799560546875
1364.4200439453125
1732.760009765625
1352.8499755859375
1327.030029296875
1107.1800537109375
1571.4100341796875
1678.4200439453125
1509.4000244140625
1180.6300048828125
1657.010009765625
720.8300170898438
970.1199951171875
985.1500244140625
1663.52001953125
1091.0400390625
1406.280029296875
822.7000122070312
864.0800170898438
1438.260009765625
1009.7899780273438
845.9199829101562
494.9200134277344
1615.8299560546875
896.1099853515625
837.469970703125
1808.6300048828125
765.4099731445312
2011.8399658203125
1378.0400390625
1628.9000244140625
1834.22998046875
1487.27001953125
823.0999755859375
1816.510009765625
1742.5
1743.8199462890625
685.22998046875
1037.77001953125
1031.1400146484375
1680.800048828125
580.6199951171875
1484.81005859375
1666.530029296875
1503.68994140625
1859.9100341796875
1126.6800537109375
1094.4300537109375
1709.4100341796875
1526.5799560546875
1924.489990234375
1993.3499755859375
1506.9000244140625
1721.8199462890625
1656.06005859375
737.1900024414062
1600.4300537109375
1063.6300048828125
1712.8800048828125
937.6699829101562
291.3599853515625
878.6099853515625
1252.1800537109375
1747.06005859375
1850.2900390625
1028.27001953125
1504.0999755859375
1337.8900146484375
904.3900146484375
1417.25
1702.030029296875
1566.9000244140625
1594.52001953125
1820.4300537109375
795.239990234375
1562.5400390625
834.5499877929688
1757.699951171875
1255.9200439453125
1221.06005859375
1059.27001953125
1941.1500244140625
1342.5400390625
1287.3599853515625
1815.9100341796875
1607.1400146484375
1209.5999755859375
1898.1800537109375
1672.1199951171875
1575.989990234375
1957.93994140625
1671.800048828125
1273.219970703125
1522.2099609375
1360.0799560546875
1636.1099853515625
1232.2099609375
1723.8900146484375
1153.969970703125
1527.06005859375
1619.47998046875
1811.030029296875
1756.5999755859375
2199.47998046875
2055.199951171875
676.3699951171875
1486.239990234375
1723.3800048828125
1536.1800537109375
752.0999755859375
819.5900268554688
1140.760009765625
2025.760009765625
1350.31005859375
1438.469970703125
1760.02001953125
875.1500244140625
1491.02001953125
1608.239990234375
1724.4300537109375
506.67999267578125
885.7999877929688
1704.949951171875
1738.8499755859375
925.8699951171875
1153.1800537109375
1922.81005859375
1709.5899658203125
1756.77001953125
1695.1199951171875
1375.56005859375
584.25
1930.3900146484375
1377.3900146484375
1238.9100341796875
2191.110107421875
1421.2900390625
1796.0
1167.9300537109375
1562.0899658203125
1773.1500244140625
1840.1300048828125
1775.199951171875
957.9299926757812
1667.8499755859375
1322.1800537109375
1652.52001953125
1861.9200439453125
1407.6300048828125
1709.449951171875
1394.8900146484375
1815.199951171875
777.6900024414062
715.760009765625
1136.1199951171875
1424.2099609375
1748.75
1150.6700439453125
1864.1300048828125
1327.300048828125
1471.31005859375
1496.06005859375
1408.0699462890625
1365.9000244140625
1234.75
1930.4200439453125
1870.050048828125
1295.52001953125
873.8400268554688
1117.989990234375
1500.68994140625
2072.5
996.72998046875
1709.56005859375
1454.469970703125
2043.97998046875
1402.3299560546875
1937.780029296875
717.7100219726562
1597.3900146484375
1391.8199462890625
1082.2900390625
1483.52001953125
1201.8399658203125
1087.8900146484375
1560.4000244140625
1205.7099609375
1751.1800537109375
1411.050048828125
1501.2900390625
1634.2900390625
1437.0
1571.780029296875
1347.239990234375
2180.14990234375
1530.760009765625
1460.949951171875
1148.6800537109375
1241.969970703125
1908.6500244140625
1610.5999755859375
1594.530029296875
784.280029296875
1466.7099609375
1805.93994140625
1689.9200439453125
1724.010009765625
1917.9100341796875
902.530029296875
1532.8299560546875
1720.3900146484375
1622.030029296875
1015.5900268554688
1871.8900146484375
714.9600219726562
1570.6099853515625
1518.6099853515625
1512.3499755859375
1240.72998046875
803.530029296875
1172.969970703125
1785.489990234375
1063.9100341796875
1576.9599609375
1733.6700439453125
1503.1600341796875
1787.75
1342.3599853515625
1828.2900390625
1614.81005859375
1693.0799560546875
1723.8199462890625
502.8900146484375
1286.31005859375
1143.969970703125
1786.0799560546875
1850.6199951171875
505.7200012207031
1188.9100341796875
1326.8900146484375
1760.3499755859375
1930.969970703125
1320.1600341796875
1859.969970703125
1809.27001953125
1109.5899658203125
1599.9599609375
1890.6700439453125
1585.5899658203125
1305.2099609375
1493.3699951171875
1000.0900268554688
1846.97998046875
1449.6300048828125
1291.1099853515625
1475.81005859375
1783.530029296875
1424.72998046875
742.6500244140625
1399.72998046875
1888.199951171875
872.1599731445312
1488.760009765625
1599.050048828125
1359.3299560546875
1516.93994140625
962.010009765625
766.0599975585938
1733.8800048828125
1712.9000244140625
1219.1400146484375
1187.9100341796875
1903.9300537109375
1130.97998046875
1907.3900146484375
623.25
1516.949951171875
766.1900024414062
1276.3299560546875
1432.1700439453125
881.6599731445312
958.010009765625
1473.9300537109375
759.1400146484375
1818.989990234375
1387.949951171875
1284.9000244140625
1925.2099609375
1340.2099609375
1463.489990234375
1542.510009765625
1345.18994140625
1385.8699951171875
1291.550048828125
1449.1199951171875
1588.5699462890625
905.8200073242188
709.0700073242188
1009.0900268554688
569.6199951171875
2041.5799560546875
1756.9300537109375
1289.56005859375
1204.0400390625
509.989990234375
1222.0899658203125
1404.97998046875
1454.449951171875
1262.8800048828125
2162.909912109375
1289.3599853515625
1343.4100341796875
1561.0400390625
1794.4200439453125
1719.550048828125
1565.6099853515625
1628.8199462890625
1409.280029296875
1710.6600341796875
1886.010009765625
1469.0400390625
1645.3199462890625
1617.4000244140625
815.5499877929688
1677.8299560546875
1308.6600341796875
1134.8299560546875
1823.719970703125
2027.0400390625
1854.0699462890625
1233.97998046875
1598.5799560546875
899.0599975585938
868.5399780273438
1830.3299560546875
1210.56005859375
1581.1700439453125
505.79998779296875
1402.06005859375
1749.75
893.9600219726562
1612.18994140625
1729.5899658203125
1843.8900146484375
237.2100067138672
1275.9300537109375
2013.3800048828125
1942.3399658203125
772.739990234375
1341.9599609375
1634.9200439453125
1798.9599609375
1690.699951171875
1944.0899658203125
1366.9200439453125
1494.1500244140625
818.6500244140625
1538.469970703125
1162.6099853515625
784.25
1502.3699951171875
183.16000366210938
1853.719970703125
717.2000122070312
700.9000244140625
1584.449951171875
1316.6600341796875
2096.889892578125
1237.1600341796875
1927.489990234375
2005.93994140625
899.530029296875
1909.06005859375
1530.1700439453125
2052.4599609375
782.8400268554688
655.1699829101562
1648.72998046875
1647.1500244140625
1596.510009765625
633.9500122070312
1676.3499755859375
2133.669921875
1159.219970703125
1155.5999755859375
733.3300170898438
1714.02001953125
1857.8299560546875
1624.8199462890625
2023.8299560546875
1625.6700439453125
1538.1099853515625
594.9199829101562
1142.0799560546875
1745.260009765625
1961.2900390625
1828.9200439453125
1801.68994140625
758.8099975585938
1648.75
1307.68994140625
1853.56005859375
1334.449951171875
1375.760009765625
1668.9100341796875
1638.780029296875
823.3599853515625
1892.3699951171875
1361.010009765625
1462.280029296875
1906.8399658203125
1386.1700439453125
1262.949951171875
1491.5400390625
1968.02001953125
797.22998046875
901.9000244140625
1932.699951171875
1751.18994140625
610.4199829101562
1605.0699462890625
1524.1500244140625
1535.8499755859375
1866.9200439453125
1808.52001953125
1413.1800537109375
984.3699951171875
1724.25
1488.8199462890625
1607.0699462890625
832.1599731445312
1455.239990234375
1014.6900024414062
1500.699951171875
1339.739990234375
1438.6300048828125
1840.9100341796875
1665.1400146484375
1021.5599975585938
1686.6800537109375
1408.5899658203125
1182.7099609375
1375.969970703125
1812.8199462890625
1758.7099609375
1554.52001953125
1859.699951171875
1159.25
1929.2900390625
1670.31005859375
1881.2900390625
1882.300048828125
1279.9200439453125
1387.3299560546875
1626.699951171875
1150.72998046875
1691.2099609375
1708.1800537109375
1866.97998046875
1471.8199462890625
1690.5799560546875
1940.8299560546875
607.3300170898438
1416.050048828125
714.739990234375
1712.18994140625
1658.25
1624.02001953125
1415.4300537109375
683.5700073242188
1371.300048828125
1421.68994140625
1462.3599853515625
1253.5
1809.300048828125
1882.949951171875
1262.6600341796875
2015.43994140625
660.6599731445312
1571.22998046875
1009.719970703125
1600.9200439453125
1152.77001953125
1136.800048828125
1666.7900390625
1473.239990234375
1228.4200439453125
651.77001953125
1446.280029296875
1437.22998046875
1473.239990234375
1832.18994140625
1715.4200439453125
1480.9200439453125
1760.3299560546875
1808.7099609375
1473.93994140625
1550.7900390625
1339.4300537109375
1230.300048828125
1414.3499755859375
1970.3900146484375
1020.9600219726562
985.280029296875
1983.1600341796875
745.0999755859375
1737.9599609375
1466.3599853515625
1520.93994140625
1405.0999755859375
1761.8399658203125
1433.3599853515625
1848.3199462890625
1832.9200439453125
1078.5699462890625
1736.9100341796875
1101.949951171875
692.510009765625
1429.97998046875
947.8400268554688
1730.739990234375
1870.02001953125
1488.280029296875
1474.1199951171875
1641.4000244140625
298.25
1608.699951171875
1163.3299560546875
1273.989990234375
1708.52001953125
1051.5799560546875
808.3499755859375
1713.06005859375
905.3200073242188
1335.8499755859375
1749.030029296875
722.5800170898438
1460.949951171875
703.1199951171875
763.7999877929688
1451.3900146484375
1631.4000244140625
1161.4100341796875
1654.2099609375
1417.5
951.3599853515625
1893.6199951171875
1698.8599853515625
1643.75
1636.06005859375
1434.6300048828125
1386.81005859375
641.4299926757812
1701.56005859375
1855.0699462890625
748.469970703125
759.9500122070312
973.0
1678.1800537109375
1842.5799560546875
1137.22998046875
1941.2099609375
1314.31005859375
1214.5899658203125
1918.2099609375
1211.949951171875
1939.56005859375
826.3599853515625
1416.68994140625
1575.1800537109375
899.1599731445312
1805.969970703125
1307.050048828125
1210.5699462890625
1738.8499755859375
1329.5
993.4299926757812
1793.0400390625
1966.6400146484375
1557.780029296875
1525.550048828125
1175.4599609375
1136.3399658203125
1305.8199462890625
1584.760009765625
1320.3399658203125
1933.8599853515625
1292.3399658203125
1339.3499755859375
1216.4599609375
770.0999755859375
1783.81005859375
1550.8299560546875
1215.9300537109375
1435.300048828125
1870.2099609375
2076.3701171875
754.0700073242188
1772.1099853515625
1686.6700439453125
761.9199829101562
279.9599914550781
1595.6800537109375
1412.6099853515625
1360.280029296875
1118.1199951171875
864.25
1615.2099609375
1731.93994140625
1481.1500244140625
1692.77001953125
1560.3599853515625
1442.760009765625
987.760009765625
1580.56005859375
1049.1199951171875
1133.510009765625
1505.3599853515625
1192.7099609375
1057.8699951171875
741.6099853515625
1000.0
1835.4300537109375
2043.6800537109375
1738.3199462890625
1812.8800048828125
1192.1800537109375
1661.27001953125
1629.8299560546875
1210.7900390625
1330.56005859375
1937.6400146484375
1258.52001953125
1679.4300537109375
1662.6300048828125
1976.8499755859375
1556.260009765625
1412.550048828125
1538.8499755859375
1880.47998046875
954.6699829101562
876.97998046875
1458.0799560546875
1526.8499755859375
955.4199829101562
1032.5400390625
1204.2900390625
1278.1700439453125
1742.800048828125
1462.489990234375
1349.1600341796875
1844.3299560546875
1572.5699462890625
1627.06005859375
334.80999755859375
346.3900146484375
1940.6800537109375
1696.199951171875
998.77001953125
1854.47998046875
891.6300048828125
979.4299926757812
695.1099853515625
1641.93994140625
1172.0899658203125
2023.9100341796875
872.1400146484375
1504.43994140625
1466.81005859375
714.5900268554688
1847.1099853515625
1187.280029296875
666.0599975585938
1327.8199462890625
1746.449951171875
1633.7900390625
1291.219970703125
1939.0400390625
1493.3800048828125
633.9600219726562
1833.4000244140625
2045.989990234375
1428.4599609375
2104.02001953125
1221.6800537109375
2134.52001953125
1200.31005859375
1805.8800048828125
1030.4100341796875
1466.699951171875
821.3599853515625
1195.969970703125
1265.7099609375
1515.6500244140625
1327.7099609375
1432.699951171875
712.260009765625
665.5900268554688
1508.9000244140625
1279.0999755859375
1907.3599853515625
1846.5999755859375
1585.0
754.2100219726562
1367.8900146484375
1159.6500244140625
886.7100219726562
1543.0899658203125
861.72998046875
1481.030029296875
1408.3299560546875
1452.8900146484375
1450.239990234375
1692.0
899.2899780273438
1001.3800048828125
1808.5
1387.97998046875
1989.43994140625
933.6799926757812
859.5700073242188
1793.97998046875
1045.3299560546875
1294.699951171875
1661.3499755859375
1581.4300537109375
1298.010009765625
209.3300018310547
1800.75
1327.0899658203125
2045.3399658203125
1400.3499755859375
1567.43994140625
1303.6600341796875
1958.3800048828125
1735.8499755859375
1714.9200439453125
1606.1600341796875
1792.5999755859375
730.9600219726562
1877.8599853515625
1457.4100341796875
1532.1300048828125
1776.4300537109375
1801.4100341796875
1448.3399658203125
1388.530029296875
1810.56005859375
1738.760009765625
1189.31005859375
1760.469970703125
1374.6199951171875
815.8900146484375
816.02001953125
1414.199951171875
1931.6700439453125
1164.989990234375
882.9299926757812
1572.8499755859375
770.27001953125
1608.989990234375
1341.949951171875
1177.1300048828125
1600.52001953125
1537.5799560546875
1474.5999755859375
880.530029296875
1679.1500244140625
1183.5400390625
1161.030029296875
1165.1600341796875
1454.739990234375
1514.3599853515625
1587.3299560546875
1074.0899658203125
1283.030029296875
883.0700073242188
1764.3399658203125
1179.3299560546875
1621.300048828125
1141.760009765625
2046.1500244140625
1785.3599853515625
1217.0400390625
1848.2099609375
1216.8299560546875
1757.1199951171875
1558.3800048828125
1243.8699951171875
1444.6099853515625
1574.6700439453125
1338.0400390625
662.530029296875
1621.3499755859375
1421.0400390625
993.3499755859375
2054.4599609375
1353.1600341796875
1809.9100341796875
1132.4200439453125
1453.3699951171875
1149.469970703125
1889.989990234375
1531.6099853515625
1856.56005859375
1611.8599853515625
1662.719970703125
1064.1400146484375
1006.77001953125
1653.6500244140625
795.0900268554688
1409.43994140625
1097.780029296875
1236.530029296875
1221.6600341796875
1955.030029296875
1792.43994140625
1572.3900146484375
1192.2900390625
974.77001953125
1682.2099609375
2168.93994140625
1747.25
647.469970703125
1250.6800537109375
1106.0400390625
1568.93994140625
1508.800048828125
1449.0699462890625
1555.1199951171875
1469.449951171875
246.32000732421875
1559.5
1781.5999755859375
1526.2099609375
1645.6400146484375
1059.2099609375
1919.0
1821.2099609375
1113.699951171875
540.2000122070312
2161.22998046875
1115.5999755859375
1753.010009765625
1729.3900146484375
1439.47998046875
1976.0699462890625
1297.5699462890625
1812.6300048828125
1739.739990234375
521.1900024414062
1324.0899658203125
303.739990234375
1752.699951171875
879.969970703125
908.530029296875
1810.02001953125
1941.9599609375
860.2899780273438
1340.5899658203125
1547.4100341796875
1941.93994140625
1782.22998046875
362.07000732421875
1604.18994140625
1120.4200439453125
1897.719970703125
1135.6800537109375
1981.530029296875
2001.6800537109375
1931.780029296875
1491.699951171875
1698.8800048828125
1154.780029296875
1475.1300048828125
735.8300170898438
1729.68994140625
1493.4000244140625
971.219970703125
1178.9000244140625
1665.5899658203125
1446.469970703125
1749.6500244140625
308.5400085449219
1727.280029296875
1690.6700439453125
1067.1700439453125
1113.7900390625
773.97998046875
1373.77001953125
1176.8699951171875
1187.239990234375
1267.0999755859375
1128.3699951171875
1536.219970703125
1526.489990234375
1096.3199462890625
1368.77001953125
1485.18994140625
1406.1800537109375
1444.72998046875
1381.5999755859375
1810.0400390625
1800.6700439453125
1186.25
1192.8599853515625
1069.06005859375
1617.3699951171875
850.6799926757812
691.989990234375
1263.7099609375
859.3499755859375
1907.6700439453125
1444.050048828125
887.6300048828125
1866.47998046875
1143.739990234375
1916.47998046875
1319.7099609375
1260.8199462890625
1372.6400146484375
793.0800170898438
1337.719970703125
1358.8399658203125
1375.0400390625
1847.5400390625
856.3900146484375
1319.780029296875
1440.989990234375
1719.18994140625
519.8699951171875
1461.93994140625
1414.75
941.6500244140625
1947.7099609375
1816.8299560546875
1014.3300170898438
1357.9599609375
1257.8199462890625
1670.469970703125
1657.9000244140625
1374.7900390625
1186.5699462890625
797.22998046875
2012.8299560546875
1217.9100341796875
2086.610107421875
1158.260009765625
867.3200073242188
1939.3699951171875
1400.0999755859375
1523.4200439453125
1192.699951171875
1475.8499755859375
1521.239990234375
1289.4599609375
1257.27001953125
887.9099731445312
1370.3900146484375
1354.18994140625
1241.1700439453125
1441.4200439453125
772.3400268554688
1409.199951171875
1119.5999755859375
1380.8399658203125
1478.25
1701.77001953125
1981.3199462890625
1635.989990234375
1206.0799560546875
1951.9300537109375
973.5499877929688
1401.5899658203125
1108.949951171875
1744.4000244140625
1322.0699462890625
1206.3499755859375
1577.75
1597.699951171875
1844.6800537109375
728.4199829101562
1233.6400146484375
2082.5
1762.81005859375
1823.25
1374.1700439453125
1913.9000244140625
1788.530029296875
2027.4599609375
1567.3699951171875
1444.4200439453125
1437.97998046875
1849.75
1442.8299560546875
1220.3499755859375
1419.6300048828125
1493.4200439453125
1216.050048828125
723.8099975585938
1107.449951171875
1841.4300537109375
1265.4599609375
1672.8299560546875
1966.5
1766.969970703125
1577.8699951171875
894.7899780273438
1568.0699462890625
1848.6400146484375
369.8699951171875
1453.3499755859375
1442.050048828125
1479.550048828125
1622.7900390625
1159.5999755859375
1363.3800048828125
765.3099975585938
531.260009765625
1342.949951171875
1687.6700439453125
1959.3800048828125
1834.27001953125
1793.1199951171875
1416.6800537109375
1689.719970703125
1647.3499755859375
1913.8599853515625
874.0999755859375
1745.27001953125
595.3499755859375
949.2999877929688
1111.780029296875
1497.52001953125
1027.0999755859375
1615.4100341796875
1197.7900390625
1534.1800537109375
1551.5999755859375
1760.4599609375
1418.3599853515625
1499.9200439453125
1718.969970703125
1306.1300048828125
1629.239990234375
1950.1600341796875
1648.030029296875
1034.47998046875
1283.5899658203125
1748.4599609375
1203.1800537109375
1316.27001953125
925.1099853515625
933.2100219726562
1476.550048828125
1731.93994140625
948.1799926757812
827.219970703125
1181.8900146484375
1710.93994140625
1435.8699951171875
1382.239990234375
938.4099731445312
1792.56005859375
1531.97998046875
1612.52001953125
1666.1700439453125
1432.8199462890625
1255.5400390625
718.5900268554688
1443.6400146484375
933.5800170898438
875.47998046875
1801.1199951171875
1968.5
1269.18994140625
1978.0899658203125
1013.2899780273438
1374.3800048828125
1098.8499755859375
875.719970703125
1075.4599609375
1147.6600341796875
1586.97998046875
1576.219970703125
863.5599975585938
1469.239990234375
1800.5
1380.6099853515625
1326.8199462890625
1686.719970703125
1627.510009765625
1823.780029296875
1261.7900390625
1061.9599609375
1428.1199951171875
1735.4300537109375
1319.56005859375
1253.3900146484375
1284.1500244140625
1150.6600341796875
514.9600219726562
1501.8299560546875
1634.43994140625
810.1500244140625
1231.530029296875
1204.550048828125
855.47998046875
1536.280029296875
1209.3599853515625
790.530029296875
1152.1700439453125
1565.1800537109375
1667.719970703125
1682.25
1794.4200439453125
1456.489990234375
1439.43994140625
1695.260009765625
1748.6700439453125
1658.6800537109375
1950.050048828125
1857.4000244140625
1572.31005859375
1683.5999755859375
1169.3399658203125
1539.1199951171875
1190.31005859375
1149.969970703125
1703.75
1300.1400146484375
1205.1500244140625
1780.780029296875
739.9400024414062
1828.4000244140625
1176.050048828125
1001.6500244140625
1094.3900146484375
1924.4599609375
1526.6700439453125
1504.1400146484375
1687.6600341796875
1436.3499755859375
1601.010009765625
938.7899780273438
1295.6600341796875
980.8800048828125
1480.1500244140625
1728.3900146484375
1041.0400390625
1419.8199462890625
1483.449951171875
1046.5400390625
1260.949951171875
912.1500244140625
1501.81005859375
1814.81005859375
970.8599853515625
1313.800048828125
748.22998046875
1556.72998046875
483.8800048828125
1140.9100341796875
815.6900024414062
1412.9599609375
1586.68994140625
2019.93994140625
2128.1298828125
1390.8399658203125
1041.9000244140625
797.739990234375
935.9400024414062
1869.949951171875
1495.6800537109375
1341.6700439453125
1437.449951171875
1523.8299560546875
1247.6500244140625
1922.0799560546875
1646.9300537109375
1088.3599853515625
2167.050048828125
2069.679931640625
1953.050048828125
1669.77001953125
1553.1600341796875
738.3900146484375
1532.2099609375
1202.77001953125
1502.699951171875
1483.989990234375
975.3900146484375
539.97998046875
1975.7099609375
1480.5899658203125
788.010009765625
1471.2099609375
1651.56005859375
1219.3199462890625
1639.1600341796875
1954.300048828125
1005.9600219726562
713.02001953125
1394.199951171875
1690.0
706.9600219726562
728.469970703125
632.8699951171875
1845.8399658203125
1651.5699462890625
1375.1199951171875
1861.4000244140625
1318.010009765625
1929.8599853515625
1658.219970703125
1359.56005859375
1603.52001953125
1957.6500244140625
1514.949951171875
1290.93994140625
1569.239990234375
932.510009765625
740.6500244140625
1520.3299560546875
1594.489990234375
1605.5400390625
1576.3199462890625
1007.7100219726562
1865.56005859375
1855.949951171875
1758.3900146484375
1828.1300048828125
1677.9000244140625
1760.1099853515625
1457.8499755859375
2105.219970703125
1764.25
1196.2099609375
822.2999877929688
776.9400024414062
1743.8499755859375
1141.3699951171875
1680.5899658203125
1735.4000244140625
1503.4000244140625
1247.489990234375
1439.1300048828125
1377.0799560546875
1489.8399658203125
844.010009765625
1175.06005859375
1791.239990234375
741.1199951171875
1700.0699462890625
1154.0899658203125
1660.8399658203125
1497.4000244140625
1143.0400390625
787.1799926757812
1437.56005859375
1482.5899658203125
1522.02001953125
1500.25
1191.260009765625
1709.1700439453125
1308.3299560546875
1489.6099853515625
1430.22998046875
1838.8699951171875
1024.989990234375
1786.510009765625
1788.550048828125
1529.1800537109375
571.469970703125
615.4199829101562
1804.1600341796875
1097.1600341796875
841.8599853515625
1579.8800048828125
996.3900146484375
1702.1400146484375
1654.199951171875
1541.0899658203125
1839.5400390625
1739.3800048828125
1574.3199462890625
1806.030029296875
1899.3800048828125
1331.449951171875
1468.469970703125
1504.97998046875
1568.5999755859375
1164.8800048828125
1077.9300537109375
1482.1800537109375
1387.93994140625
1311.1199951171875
1590.469970703125
1663.8699951171875
1261.280029296875
1573.5899658203125
1749.4100341796875
651.9400024414062
665.77001953125
1671.0899658203125
1501.3299560546875
1446.6199951171875
1746.3299560546875
1641.050048828125
1204.530029296875
1062.22998046875
1624.31005859375
1382.8399658203125
1028.7900390625
1871.4300537109375
1470.1199951171875
1873.050048828125
1497.6800537109375
1870.18994140625
1184.239990234375
1489.1099853515625
1686.43994140625
1742.1600341796875
2173.719970703125
1066.6099853515625
637.6300048828125
1293.719970703125
1419.4000244140625
882.75
722.6199951171875
1818.4100341796875
1194.3399658203125
1783.3199462890625
1303.1500244140625
1759.43994140625
1800.3299560546875
1763.02001953125
996.2999877929688
1504.5400390625
1657.56005859375
1228.1800537109375
801.7000122070312
590.489990234375
1206.1600341796875
1797.8399658203125
1684.75
653.3400268554688
1342.22998046875
1556.1800537109375
1656.27001953125
1586.3499755859375
1975.4599609375
2008.6199951171875
1883.1800537109375
1527.780029296875
1952.93994140625
990.1300048828125
1177.489990234375
541.219970703125
1741.3199462890625
1494.0
1345.219970703125
1514.3399658203125
1568.06005859375
2075.080078125
1786.6300048828125
1726.989990234375
1484.4000244140625
1439.800048828125
1499.9599609375
1611.6800537109375
2041.1800537109375
1928.1099853515625
1360.2900390625
820.8099975585938
1600.219970703125
1460.969970703125
1255.0999755859375
1472.3599853515625
1434.8399658203125
1872.8399658203125
1173.1700439453125
1127.6199951171875
1259.949951171875
471.3900146484375
1563.949951171875
1570.81005859375
1129.5999755859375
1344.9100341796875
1122.02001953125
1167.8499755859375
1291.18994140625
1072.969970703125
518.22998046875
1576.0400390625
911.5499877929688
1613.0
1059.9300537109375
1982.9300537109375
931.1099853515625
1974.02001953125
1832.6800537109375
1615.0400390625
1534.010009765625
1863.0699462890625
1241.0999755859375
1811.3599853515625
482.44000244140625
1236.7900390625
2098.300048828125
1050.8900146484375
1319.449951171875
1256.5999755859375
1564.5799560546875
503.82000732421875
1478.969970703125
1516.6800537109375
1322.2099609375
1838.6199951171875
1882.5999755859375
386.0899963378906
1518.6700439453125
504.3399963378906
1583.8599853515625
1414.5999755859375
1615.030029296875
1443.260009765625
1734.3499755859375
1939.1600341796875
539.010009765625
247.0500030517578
1394.4000244140625
1150.6199951171875
1175.4200439453125
1374.5
838.530029296875
1749.97998046875
895.22998046875
1817.8900146484375
1531.1300048828125
785.3499755859375
817.6599731445312
1255.6400146484375
1693.3399658203125
1732.8599853515625
716.2000122070312
1691.760009765625
1556.530029296875
1104.5699462890625
578.6099853515625
736.0599975585938
1560.8399658203125
1271.1800537109375
1061.1099853515625
1446.47998046875
871.97998046875
1677.3800048828125
638.760009765625
1232.280029296875
1756.3900146484375
1586.1099853515625
1996.02001953125
1662.7099609375
1460.1500244140625
899.280029296875
1702.1500244140625
798.77001953125
1578.6700439453125
1175.780029296875
1620.510009765625
1278.02001953125
1296.47998046875
1509.219970703125
1541.3499755859375
1570.3199462890625
1439.5699462890625
1867.2900390625
1744.0699462890625
1856.489990234375
824.510009765625
1780.300048828125
1312.7900390625
1494.25
1953.6400146484375
1597.949951171875
1692.5799560546875
675.8800048828125
1212.510009765625
1299.5
1919.8299560546875
1434.300048828125
1915.6700439453125
1711.1400146484375
800.5800170898438
1619.6199951171875
1657.9100341796875
1797.97998046875
1095.5400390625
1059.56005859375
863.010009765625
1500.699951171875
2109.050048828125
1012.760009765625
1700.27001953125
1595.5799560546875
1212.280029296875
748.2899780273438
1726.1700439453125
822.52001953125
1494.0400390625
566.4099731445312
1157.6300048828125
1128.5
1279.469970703125
1893.260009765625
1966.030029296875
942.9299926757812
1675.0
895.27001953125
690.469970703125
1254.3299560546875
1201.2099609375
751.5
1541.5400390625
1720.550048828125
1187.949951171875
1501.6500244140625
1147.02001953125
1293.530029296875
1570.1800537109375
1501.8399658203125
1140.5400390625
1261.68994140625
1345.43994140625
445.7099914550781
580.0599975585938
1608.6500244140625
1103.5899658203125
1163.3800048828125
1102.1800537109375
1376.5699462890625
859.6099853515625
884.22998046875
1763.27001953125
814.8200073242188
958.3800048828125
1365.93994140625
1556.6300048828125
1512.6099853515625
1185.5999755859375
1555.4100341796875
1685.81005859375
1707.1600341796875
1474.1199951171875
1854.530029296875
1389.8599853515625
1654.93994140625
1751.5899658203125
1067.3499755859375
1739.030029296875
1479.06005859375
1819.47998046875
1422.4000244140625
1294.2099609375
1700.6099853515625
1403.6099853515625
1810.8599853515625
1941.7099609375
1905.0799560546875
1865.4200439453125
1634.3699951171875
1148.5
1600.8900146484375
1749.3199462890625
1273.81005859375
1360.050048828125
1129.75
1675.3299560546875
1902.22998046875
1839.5699462890625
1972.1800537109375
1389.0799560546875
986.3699951171875
1439.5799560546875
1671.0
1549.1099853515625
1731.469970703125
652.47998046875
1453.6099853515625
605.25
1354.3900146484375
2042.0899658203125
1565.8699951171875
1580.239990234375
1003.1199951171875
933.0999755859375
1680.780029296875
1292.52001953125
1346.4599609375
1503.280029296875
1389.7099609375
1902.780029296875
1677.030029296875
701.6300048828125
1208.0699462890625
1746.989990234375
1316.1300048828125
1379.9599609375
1462.9000244140625
1189.47998046875
1212.8299560546875
735.8499755859375
574.6300048828125
1840.449951171875
946.3699951171875
1732.719970703125
1843.1500244140625
1603.9000244140625
1532.4000244140625
1878.43994140625
902.52001953125
1352.9300537109375
1509.1600341796875
1366.5400390625
1330.1500244140625
698.1500244140625
1836.030029296875
1611.7099609375
1444.97998046875
446.1000061035156
1115.56005859375
1580.030029296875
1592.989990234375
1070.300048828125
1914.4100341796875
878.4600219726562
778.1400146484375
1407.8800048828125
1267.27001953125
1799.530029296875
1428.2099609375
1131.43994140625
1886.1800537109375
2006.52001953125
1850.5999755859375
1398.68994140625
1092.719970703125
643.6799926757812
1617.9300537109375
1461.3499755859375
1673.22998046875
396.2099914550781
1737.7900390625
1817.5999755859375
1676.72998046875
1551.3299560546875
1733.6700439453125
996.5399780273438
743.8300170898438
1724.6400146484375
1687.3199462890625
1675.780029296875
1465.93994140625
1219.4300537109375
1395.1700439453125
1085.489990234375
913.1400146484375
1972.4599609375
1090.949951171875
1372.4100341796875
1414.9000244140625
1061.530029296875
1171.6700439453125
1436.800048828125
1946.0899658203125
1437.1099853515625
666.719970703125
1460.9200439453125
1107.739990234375
1578.68994140625
1471.9599609375
1282.5799560546875
1742.72998046875
1486.4000244140625
1552.9100341796875
1911.030029296875
1264.27001953125
1054.43994140625
1457.800048828125
2130.840087890625
1163.0899658203125
1596.22998046875
1588.2099609375
1101.989990234375
1213.8800048828125
1481.93994140625
996.8200073242188
1511.2099609375
827.8499755859375
1423.0699462890625
1026.0799560546875
1260.2900390625
1539.8900146484375
747.75
1383.9000244140625
1966.1800537109375
846.6799926757812
2157.10009765625
1070.9599609375
1183.0400390625
961.8099975585938
1139.93994140625
1775.18994140625
1439.6800537109375
1445.949951171875
1292.239990234375
954.27001953125
773.97998046875
1807.3800048828125
1172.52001953125
1852.8900146484375
1588.760009765625
1701.93994140625
1041.9000244140625
1495.6199951171875
1436.8800048828125
1785.1099853515625
1180.1600341796875
1319.8499755859375
1653.02001953125
746.3400268554688
1845.719970703125
1948.27001953125
1869.02001953125
1790.97998046875
1779.77001953125
1161.52001953125
1696.010009765625
284.5400085449219
1362.3199462890625
1170.0699462890625
1390.800048828125
845.1500244140625
2165.050048828125
1393.9200439453125
1412.219970703125
914.1599731445312
1935.6099853515625
970.6900024414062
155.86000061035156
888.3900146484375
1007.219970703125
1954.3399658203125
1968.9000244140625
1772.949951171875
1697.3699951171875
1903.699951171875
1261.5899658203125
1476.199951171875
971.0800170898438
1229.8599853515625
1501.3499755859375
929.3200073242188
941.6199951171875
1714.1300048828125
1219.1199951171875
681.1799926757812
1428.780029296875
1684.5699462890625
1411.699951171875
1680.6199951171875
1894.8800048828125
1165.43994140625
1975.25
1620.25
1483.3299560546875
1719.4000244140625
1436.7099609375
945.739990234375
831.5399780273438
1106.9599609375
564.280029296875
1551.68994140625
1668.1199951171875
1780.1600341796875
1516.6700439453125
1275.9599609375
1345.6800537109375
1285.8599853515625
595.97998046875
1775.0999755859375
1615.5999755859375
1471.219970703125
1754.469970703125
1571.1199951171875
1362.5899658203125
2058.8701171875
843.75
1252.6300048828125
783.9299926757812
1763.7900390625
1442.239990234375
976.5800170898438
1220.199951171875
1827.260009765625
1802.3299560546875
1581.969970703125
1435.81005859375
743.9299926757812
2064.419921875
937.719970703125
1409.949951171875
1243.6400146484375
1255.1800537109375
1511.7900390625
1348.530029296875
1437.5
1166.280029296875
985.739990234375
1948.010009765625
1594.27001953125
796.0700073242188
1784.75
1375.760009765625
1777.9200439453125
597.8099975585938
1813.8199462890625
1406.1800537109375
516.0499877929688
1175.8399658203125
1468.010009765625
341.489990234375
1370.6400146484375
1233.199951171875
1289.1700439453125
1646.8900146484375
1460.56005859375
1299.550048828125
1715.1500244140625
2119.739990234375
626.280029296875
1587.6199951171875
695.4299926757812
1646.510009765625
1446.050048828125
1187.1400146484375
1054.43994140625
1643.739990234375
1850.06005859375
1496.9599609375
1435.9100341796875
1910.0799560546875
1131.8800048828125
1755.760009765625
1427.97998046875
1376.8900146484375
1206.3499755859375
1732.8900146484375
456.6400146484375
1064.56005859375
1034.0999755859375
965.9400024414062
1810.27001953125
762.719970703125
1066.75
1803.6500244140625
1501.3499755859375
1226.8299560546875
341.92999267578125
1325.3900146484375
1190.1400146484375
993.3800048828125
1142.8800048828125
802.5599975585938
1608.739990234375
1623.9100341796875
1838.06005859375
1422.3599853515625
1693.3699951171875
824.7000122070312
1479.3800048828125
1814.3499755859375
1620.6500244140625
1561.4300537109375
2196.669921875
1256.5
1190.0
1438.4300537109375
1170.449951171875
1973.0899658203125
1815.449951171875
1507.5
1047.97998046875
1752.9599609375
879.75
1453.5
870.4400024414062
1850.030029296875
1414.469970703125
1332.72998046875
1595.1500244140625
1614.280029296875
2034.239990234375
1638.6300048828125
206.52999877929688
1564.469970703125
1710.6800537109375
1356.5899658203125
1057.449951171875
1465.3900146484375
1558.25
1447.02001953125
946.3800048828125
1843.8599853515625
1185.68994140625
1598.1600341796875
2063.5
1921.6099853515625
1556.3199462890625
1328.27001953125
1621.56005859375
1644.8399658203125
1407.719970703125
423.5799865722656
1627.780029296875
1805.3599853515625
1386.8599853515625
1220.8599853515625
1706.3699951171875
717.280029296875
568.760009765625
614.6300048828125
1859.1400146484375
1282.1700439453125
