423.57
150.41
423.65
144.18
423.57
141.67
423.57
177.65
174.52
282.28
170.42
140.44
221.55
410.65
219.44
423.65
412.01
354.78
417.72
404.87
305.85
141.67
174.53
221.55
411.93
179.68
177.66
227.06
174.30
408.49
281.25
295.06
293.13
174.34
220.23
219.07
300.41
141.67
403.81
296.27
141.84
176.58
219.07
354.85
140.67
141.84
417.72
171.61
354.08
277.97
407.45
370.22
152.96
408.49
367.92
305.87
417.72
283.55
141.65
411.93
140.67
218.53
264.45
175.48
412.01
366.26
288.83
413.01
417.64
417.72
278.85
351.60
140.44
423.65
218.41
381.90
150.41
303.94
295.06
221.79
218.50
224.57
225.58
150.25
352.71
412.01
174.34
256.41
175.48
279.56
176.40
291.00
381.90
171.59
288.35
354.08
305.87
180.82
355.24
295.19
792.85
1519.79
766.65
1697.87
1289.41
623.24
1357.54
1501.60
675.75
1353.79
728.30
1554.11
1506.53
1563.23
1561.42
1397.59
823.36
704.03
1317.35
728.30
1679.58
1636.69
787.07
1117.54
758.46
1669.04
752.05
679.27
631.22
800.99
1430.80
947.43
983.07
829.53
1384.58
762.58
1146.95
1376.95
1420.56
946.14
690.70
1072.67
1176.47
788.78
934.20
1412.06
1647.37
1585.77
950.89
1424.87
842.31
1560.66
1086.38
1504.83
1085.79
823.68
1172.68
1254.92
767.68
718.11
1361.41
627.52
1130.07
776.93
1431.73
1413.00
718.34
724.54
1672.41
512.03
762.07
971.60
778.41
1158.26
1087.49
1443.52
1624.89
695.65
627.18
863.85
1550.73
1243.02
966.58
1691.63
1031.19
1086.80
764.07
940.74
850.66
1504.62
1587.51
1309.40
988.78
585.95
518.73
1158.68
972.00
712.18
721.08
910.57
1869.41
1601.90
1778.35
969.70
1543.86
1953.36
1159.34
971.76
1180.97
1780.08
1572.07
1414.84
1556.00
1076.19
1709.98
1727.53
1569.01
1116.31
1956.87
1670.20
1042.00
1420.35
1904.19
1748.71
1850.25
1420.90
1251.80
1437.00
953.39
1636.61
732.83
1568.64
1078.97
1594.34
971.94
1755.94
1111.35
1641.87
1521.67
1576.74
1088.29
1543.54
792.51
1570.17
1717.95
1814.65
1884.66
1807.48
1584.94
1809.92
1281.31
1268.70
1832.64
1601.28
1856.99
1067.02
1491.77
892.59
1520.42
1183.68
1543.09
1781.72
1847.89
1263.08
1593.32
1782.04
1803.50
1314.49
1522.06
1913.37
1629.30
1743.04
1471.09
1155.62
906.99
951.32
1888.22
1520.22
1615.70
947.99
1930.44
1233.92
1583.31
1894.21
1253.85
1819.45
1794.41
1156.79
1627.92
1197.80
1868.24
1903.65
1977.54
1955.54
1061.23
1461.25
909.08
1928.27
1579.63
1740.22
1425.31
1024.15
1328.85
806.56
1326.69
805.36
947.48
1455.67
1387.57
1488.46
1023.94
1208.44
1144.22
1144.25
1190.53
938.03
988.27
582.00
1113.72
1045.54
1471.51
817.74
784.43
1385.88
1491.86
1066.96
1253.67
1585.78
1079.52
955.58
566.33
698.90
664.44
2024.69
1300.90
833.49
720.12
659.21
966.71
1018.25
729.34
835.66
1210.46
1377.55
936.83
1060.07
1281.51
648.29
1018.70
1112.11
1859.79
1016.63
643.37
1110.07
621.78
729.72
1313.93
1419.16
600.57
690.57
724.40
1119.76
1821.95
1379.17
602.46
1664.33
1456.07
832.82
771.27
1135.95
1031.57
1120.16
1426.37
1373.88
1268.24
1112.08
1340.32
614.07
754.20
1322.85
789.43
982.33
1302.45
540.95
1132.67
713.35
2024.69
554.14
858.37
1359.61
654.28
976.96
654.00
1322.78
1807.21
1099.60
1326.28
815.75
1107.88
1626.10
934.25
608.37
863.85
1087.14
820.01
526.90
926.13
926.06
588.27
1130.98
651.15
1095.92
792.51
990.34
800.86
643.63
1192.98
570.73
1523.04
525.19
969.31
514.88
843.30
836.27
713.21
797.56
1236.43
795.33
534.92
1360.79
518.75
786.40
1078.90
1021.60
669.20
1678.38
898.19
885.46
812.99
994.44
1008.70
866.16
534.28
651.09
613.75
1083.58
580.97
822.38
1101.76
660.14
ERROR
ERROR
ERROR
ERROR
ERROR
ERROR
ERROR
ERROR
ERROR
ERROR
ERROR
ERROR
ERROR
ERROR
ERROR
ERROR
ERROR
ERROR
ERROR
ERROR
ERROR
ERROR
ERROR
ERROR
ERROR
ERROR
ERROR
ERROR
ERROR
ERROR
ERROR
ERROR
ERROR
ERROR
ERROR
ERROR
ERROR
ERROR
ERROR
ERROR
ERROR
ERROR
ERROR
ERROR
ERROR
ERROR
ERROR
ERROR
ERROR
ERROR
ERROR
ERROR
ERROR
ERROR
ERROR
ERROR
ERROR
ERROR
ERROR
ERROR
ERROR
ERROR
ERROR
ERROR
ERROR
ERROR
ERROR
ERROR
ERROR
ERROR
ERROR
ERROR
ERROR
ERROR
ERROR
ERROR
ERROR
ERROR
ERROR
ERROR
ERROR
ERROR
ERROR
ERROR
ERROR
ERROR
ERROR
ERROR
ERROR
ERROR
ERROR
ERROR
ERROR
ERROR
ERROR
ERROR
ERROR
ERROR
ERROR
ERROR
ERROR
ERROR
ERROR
ERROR
ERROR
ERROR
ERROR
ERROR
ERROR
ERROR
823.55
ERROR
ERROR
ERROR
ERROR
ERROR
ERROR
ERROR
ERROR
ERROR
ERROR
ERROR
ERROR
ERROR
ERROR
ERROR
ERROR
ERROR
ERROR
ERROR
ERROR
ERROR
ERROR
ERROR
ERROR
ERROR
ERROR
ERROR
ERROR
ERROR
ERROR
ERROR
ERROR
ERROR
ERROR
ERROR
ERROR
ERROR
ERROR
ERROR
ERROR
ERROR
ERROR
ERROR
ERROR
ERROR
ERROR
ERROR
ERROR
ERROR
ERROR
ERROR
ERROR
ERROR
ERROR
ERROR
ERROR
ERROR
ERROR
ERROR
ERROR
ERROR
ERROR
ERROR
ERROR
ERROR
ERROR
ERROR
ERROR
ERROR
ERROR
ERROR
ERROR
ERROR
ERROR
ERROR
ERROR
ERROR
ERROR
ERROR
ERROR
ERROR
ERROR
ERROR
ERROR
ERROR
ERROR
ERROR
ERROR
ERROR
1876.29
2061.58
1967.71
1826.92
1810.81
1982.29
1881.28
1932.89
2049.59
1970.77
1996.81
1924.06
1687.52
1973.58
1840.83
1923.55
1831.65
1881.28
1879.03
1791.18
1673.79
1722.26
2103.63
1975.41
1910.71
1830.24
1986.88
2029.74
1780.96
2032.23
1819.28
1835.32
1923.98
1927.14
2047.56
1754.87
1766.14
1963.91
1862.48
1773.93
1836.09
2037.62
1924.39
1831.50
1769.86
1918.68
1917.00
1758.82
2046.90
2039.76
1796.80
1936.54
1864.85
1954.26
2048.21
1849.54
1965.22
2089.38
1799.82
1919.10
1821.89
1921.61
1857.60
1868.19
1980.26
1852.32
1923.71
1808.97
2041.42
1768.35
2062.22
2019.52
1949.25
1976.05
1780.52
2034.18
1841.13
2085.51
1956.67
1787.81
1920.95
1958.47
1831.31
1858.56
2023.52
1910.19
1883.02
1889.01
1820.94
2045.62
1778.89
2000.36
2056.92
1733.21
1922.99
1866.46
1880.87
2062.10
1770.05
1778.86
1333.92
1194.40
933.22
1880.09
1468.06
762.95
1349.06
1370.41
594.39
1190.06
2033.58
1531.62
1791.69
1757.37
1476.67
1978.91
1746.23
1800.63
1788.64
1511.30
1379.02
2123.88
1747.99
1871.98
1496.16
1447.58
1637.13
857.68
1927.06
1498.64
1721.04
1583.72
1854.44
1099.93
1405.08
1981.38
700.38
1917.45
1671.17
446.14
1889.59
1937.55
1121.73
723.00
1330.69
1789.38
1866.68
765.74
1618.72
1452.17
1505.36
1426.54
1211.41
2018.55
1599.04
1023.12
1575.49
1889.53
1437.27
1840.38
1341.63
1071.05
804.16
166.48
1318.19
1328.55
1146.31
1932.62
1370.87
858.71
1325.49
1388.39
1382.80
538.30
1581.06
1629.37
1504.98
1649.03
557.16
1694.56
1235.12
958.93
1415.51
1886.60
678.86
1508.88
1482.00
1698.00
974.95
1782.84
2031.12
855.14
1283.19
1347.46
1441.10
1724.29
1771.90
1305.76
1023.56
1212.02
1348.41
1783.57
1563.11
1744.57
1843.03
1836.87
1834.85
1810.06
1346.76
1761.85
1349.23
1075.28
1172.55
1394.39
1381.67
1323.25
1325.11
1431.96
1421.96
1573.89
892.05
1563.69
1761.97
1311.22
1290.05
2008.42
1225.65
1634.89
1550.56
1879.67
524.20
1483.87
1337.90
1104.79
622.41
1402.19
1071.83
1225.03
1717.84
1274.82
846.90
1335.64
785.97
1889.28
1132.18
1892.58
1922.82
1082.04
864.54
1695.49
1621.50
1570.64
1857.08
2006.90
1454.37
726.75
1624.45
652.14
1269.37
1904.60
1846.82
811.00
712.04
1315.55
1596.13
1173.98
795.12
1688.96
1537.68
2005.51
1868.66
1868.46
999.46
1931.10
1408.33
1433.71
1804.51
1932.34
1655.37
1677.43
967.87
1863.30
1831.84
1601.99
1609.76
1480.47
560.14
1128.93
778.20
1294.20
1994.21
1854.44
1384.89
1376.43
1097.88
1516.52
1722.72
1654.81
1333.44
1767.59
1486.35
1403.54
1929.82
1520.64
983.07
1597.20
1403.48
1566.07
1633.66
1994.21
1492.13
1707.92
1699.51
1525.36
1642.50
2107.26
1888.01
2006.78
1520.44
954.63
1091.74
2137.27
1947.00
1911.46
1395.60
1687.13
957.61
490.29
1426.63
1579.44
1170.07
1089.83
1203.95
1824.65
1961.54
1661.62
1837.18
1978.18
2033.97
1791.69
1484.94
1673.54
1828.84
1483.57
2005.23
1390.76
1275.16
1791.80
1728.32
1840.22
609.25
731.29
1904.29
1563.16
1733.04
1997.70
1627.58
1926.76
1587.35
1953.78
1252.20
1794.45
750.78
1174.68
1672.76
1721.54
1151.56
1523.15
1020.72
1872.06
1576.64
828.72
1594.68
1781.70
815.67
1240.61
1631.06
1804.19
1811.06
1357.29
977.05
1045.71
872.06
1423.47
1428.31
757.49
1790.03
1042.32
1144.95
1796.94
1567.83
1052.76
1815.56
1287.89
1114.62
1540.86
630.00
1344.98
1172.95
1773.81
811.90
1338.50
973.90
1878.20
1356.93
1495.57
1822.57
1703.53
846.84
1964.67
1719.16
1085.18
1229.94
1719.82
1599.69
1243.21
1737.02
1702.94
1684.89
1606.41
1402.50
1693.12
738.31
1427.42
1215.75
1627.82
1237.09
1627.24
1820.99
911.06
1495.94
1250.41
1896.82
1669.34
1367.83
685.54
1120.46
1914.73
1658.15
828.37
1813.45
1311.85
1172.36
1722.18
1510.28
1441.21
541.43
1040.17
1807.90
1441.14
964.18
934.02
1875.13
1143.89
1391.26
1786.36
1597.25
1482.72
849.60
1907.55
1714.89
1731.09
1833.16
1480.97
1513.79
1559.16
1846.05
760.95
1718.63
1652.06
1555.49
1377.18
1775.18
796.28
1681.83
1447.16
1854.07
1963.07
1503.73
1648.44
1469.90
1804.13
1690.11
911.34
917.87
1289.89
1221.97
1505.29
1797.73
2007.88
1480.10
1215.59
1257.32
1171.24
1478.08
1180.84
1994.86
1780.16
1782.52
1315.98
1666.26
1666.89
265.13
2068.34
1393.93
1700.37
1621.50
1833.20
1834.91
988.94
643.06
1232.49
723.52
1834.77
1773.11
1831.43
439.85
1401.79
1714.91
1522.90
1592.25
1487.59
1200.37
1811.25
1064.21
1511.22
1578.48
1506.99
1985.40
1681.51
722.37
1582.72
621.21
1521.04
1978.89
1781.36
754.80
1480.03
1198.04
961.58
1716.14
832.55
1641.02
1634.01
1626.61
1969.94
1831.04
1488.45
1175.60
1058.92
1717.57
1340.54
1483.81
1331.13
676.25
1208.70
1405.01
1004.04
1812.54
1378.88
1933.33
486.72
1840.83
1481.17
1820.21
1696.39
344.82
817.49
1761.78
601.42
1078.51
1437.42
1447.80
1732.50
1357.47
1789.39
1330.13
1767.24
826.32
1511.80
1560.08
1199.74
1506.32
1617.88
1564.09
427.71
1176.54
760.50
1346.55
1578.62
1010.45
1165.18
904.30
1166.07
1094.24
1571.43
1913.61
1901.96
1970.53
1358.80
1936.44
1835.26
994.46
1268.89
772.89
1130.74
1563.89
1167.46
1789.15
1976.36
1514.91
829.46
1537.10
1205.36
1692.06
1620.33
1897.56
1356.27
1882.04
754.71
1491.32
1292.80
1027.90
1581.72
1384.65
1629.62
1799.99
898.21
1260.08
1563.72
693.36
1596.84
1366.62
878.62
1799.18
1470.87
1978.06
1221.30
561.86
1171.75
1495.42
1863.93
1783.46
1747.23
1356.83
1373.62
1647.44
1674.66
1427.55
1476.39
1911.82
1392.37
1584.07
1437.69
1656.70
1837.67
1786.87
1976.36
1290.13
1145.64
1134.10
1462.45
1621.65
941.91
1936.75
1540.65
890.64
1545.67
2015.14
1441.42
1166.03
1081.51
1471.14
1253.34
881.56
1354.75
961.90
1433.43
1267.89
1272.01
1631.58
975.76
1392.02
1211.98
1078.24
1507.67
1706.74
765.10
1693.76
1287.18
472.85
1245.45
915.07
1454.54
991.87
1620.08
1233.13
1383.34
1001.08
1730.58
1159.72
1645.12
1194.40
1631.28
1898.48
2079.02
1678.18
1253.68
606.80
1777.24
1487.75
1498.65
1323.40
1615.08
1939.51
1541.56
1555.39
1443.14
1091.02
1997.89
1858.61
1891.90
1178.07
1377.39
1713.02
1646.44
1459.24
647.38
1831.33
1463.76
1741.76
1412.57
934.09
1778.62
1805.90
1362.53
1903.32
1548.70
1538.07
818.05
1471.74
2062.38
1374.35
1653.99
1893.18
1710.54
1459.85
1905.61
1463.36
1531.12
1504.69
1498.47
1541.78
2042.91
910.88
736.50
1869.22
1532.14
1224.03
456.61
1368.14
809.52
993.09
1827.97
933.91
1567.49
1723.50
1714.05
1403.29
1841.35
1384.84
1088.35
1452.23
1887.82
1592.92
1672.94
1589.39
1355.62
867.26
1537.26
1495.51
1187.49
1476.14
1698.59
1619.69
1229.65
1690.08
1520.36
1652.93
1789.88
1032.93
1913.45
1450.57
1826.65
1066.30
1980.14
1587.53
1915.55
1274.27
1145.11
1913.73
1798.13
1545.09
1024.55
1398.75
1816.88
1508.05
1608.55
1373.96
395.03
1641.08
1080.72
1400.40
1411.30
2124.45
1308.25
1354.31
1717.11
975.93
665.84
1302.67
1467.19
1411.38
1564.34
951.83
1045.77
1426.77
1360.06
1490.14
1463.32
1943.92
1448.19
1247.60
964.28
1496.53
1782.49
1607.66
1378.37
1519.54
683.18
1520.12
1050.57
727.32
1343.63
1584.31
1627.39
1821.99
1343.69
1707.75
860.90
1637.99
1892.33
1075.82
1906.32
1218.96
1870.86
661.43
596.30
1538.01
1088.27
1775.23
1210.92
1818.04
1629.41
1353.04
1644.41
1214.73
861.77
1777.59
1696.88
620.02
1255.34
829.39
1133.74
878.06
1448.93
1526.41
1556.84
2045.73
678.66
766.01
586.24
1429.95
1016.33
1544.38
1002.81
2103.00
1616.89
228.68
1499.07
1314.24
671.99
1150.69
1503.58
843.06
1799.99
1809.04
1844.30
846.39
388.33
1487.29
1091.72
1529.47
1531.52
1213.45
1675.14
430.10
625.70
1693.70
1638.48
737.07
922.41
1121.93
1473.22
1493.94
1439.92
1794.66
335.48
1356.00
798.19
1527.18
1619.98
1790.16
1652.93
1506.28
1900.88
1455.18
1927.33
1268.26
1617.12
966.61
1423.37
1416.98
804.29
1602.35
1651.28
1601.53
1721.82
1457.58
1677.62
1494.33
1260.97
1362.83
1206.24
863.19
1746.81
1574.53
1506.20
1366.56
2095.98
1820.82
1797.69
419.56
1083.31
1233.10
2063.14
1512.33
1043.05
1532.76
943.25
1932.48
1719.58
2055.81
1600.14
1603.14
1001.79
1949.31
1765.43
530.14
1299.67
875.91
1341.45
1503.73
1520.26
1470.75
1585.45
1481.13
1592.33
1100.69
1099.57
1395.61
1598.53
790.06
1490.31
1560.38
1013.90
602.77
892.97
1382.31
1032.35
1599.43
1083.39
1756.68
1735.12
585.07
1536.14
1445.28
1311.39
1389.70
1314.36
1772.73
1525.10
1873.30
2092.24
1933.76
1536.36
1415.02
1222.87
1486.93
1556.32
1721.37
1744.50
608.79
1782.99
1924.43
1975.42
1784.53
1333.74
1374.39
1122.05
1199.29
1783.24
674.23
364.55
984.42
589.70
1343.19
1008.47
942.83
722.45
855.16
1547.36
1444.88
682.19
1250.69
1919.69
874.86
1785.87
1904.26
1441.91
1686.61
447.86
1422.02
1462.20
947.10
1284.42
1452.99
1226.42
1934.25
1318.37
1513.30
744.58
2093.58
1306.68
1909.09
1197.55
1445.04
1375.63
1593.61
717.24
1433.33
382.47
1283.21
1713.78
1880.17
416.10
1717.84
604.23
1077.63
959.26
1215.06
1700.45
1426.13
1511.13
1536.18
941.25
756.81
1146.14
1857.68
1853.24
1143.05
1993.44
1875.43
1630.63
872.64
1593.38
1493.64
739.47
1647.46
1113.71
1727.29
1333.03
1421.19
1694.15
1611.88
1353.35
1659.18
1847.92
1607.95
1483.47
1229.29
1469.48
1802.16
1062.11
1765.76
1119.70
934.00
1667.16
1485.25
1911.71
1088.73
1262.66
1354.64
1139.58
1832.69
1326.76
1980.09
602.37
1361.07
1362.24
1334.57
1557.76
1780.86
1830.44
1549.64
1280.66
1301.42
1695.35
2064.32
541.92
1961.00
795.98
979.91
1738.35
1013.49
1476.88
592.99
1841.88
1547.12
1959.24
1953.42
1242.50
1702.54
1534.61
1996.98
1659.96
1522.76
880.25
858.14
1626.43
783.13
1791.64
1395.26
1361.05
2116.12
1598.37
1622.40
1528.07
1114.73
1744.57
1718.43
1924.72
638.41
1020.42
1050.50
1521.53
1796.48
1693.96
1497.99
1857.80
1663.59
1479.31
1657.69
1783.85
1564.53
1970.23
988.99
1364.41
816.93
1695.66
1680.29
1729.54
637.34
1337.66
842.27
1228.08
1314.20
1215.23
519.09
1387.19
1359.46
1649.73
1231.16
631.48
1215.84
1600.37
622.78
635.70
1612.50
1747.18
1278.13
1731.11
1703.75
1756.05
1605.77
1564.81
1570.06
1343.91
1794.86
1582.31
1299.01
727.65
1152.65
1073.83
1525.43
596.59
1535.43
1782.23
1687.78
1416.16
1434.02
951.31
1725.31
2103.46
1560.08
1289.14
1799.18
1176.19
1239.54
1509.81
1571.79
979.15
1176.90
1850.06
1792.63
1963.44
1458.45
1598.37
1751.31
1715.01
1957.89
1684.58
1646.44
1713.21
1331.50
1832.21
1115.70
1642.82
1379.37
1507.27
1490.26
1443.59
888.74
685.97
1727.62
1610.43
1189.73
1077.29
1106.50
1446.84
1307.76
581.94
781.26
1547.49
1716.20
1691.61
1527.04
1930.01
1838.59
2046.27
1276.18
1423.02
1010.41
1237.52
1005.49
1755.60
605.52
1692.58
1053.72
1694.17
1820.50
1394.75
1594.24
929.65
1504.65
1734.00
508.37
1413.57
1264.29
1448.40
1538.94
1615.69
768.85
1441.25
1637.95
220.23
765.19
1931.62
1451.73
928.51
1209.02
1778.29
651.82
727.56
1847.29
1721.54
1602.86
1781.47
1925.80
1287.72
1667.91
1256.36
1797.24
1688.04
1536.00
1591.09
1917.25
652.30
1731.70
1086.57
1655.85
1521.53
794.36
1233.03
1468.67
1520.75
791.00
1448.03
1836.82
1441.94
921.29
1475.85
1393.17
1624.27
1846.01
1816.48
605.28
249.79
832.73
1650.37
1772.44
1848.72
1612.59
1557.05
1795.42
1697.00
1761.41
574.97
1710.81
1851.92
1565.64
1663.02
1919.61
1389.61
1894.22
1490.78
1220.31
1423.33
993.62
1624.31
1527.72
1765.27
1314.31
1294.40
293.78
1851.17
1449.78
1422.47
552.03
842.30
1894.79
1564.24
1738.98
982.37
1859.01
1378.21
873.89
1544.04
1340.11
921.61
625.59
1262.02
1808.60
1901.79
1384.07
704.72
1234.12
1089.39
1042.22
1703.01
1247.35
1449.12
1325.63
1513.85
1403.33
1875.33
872.33
1445.80
1847.73
1679.54
435.90
1928.65
1502.11
2031.12
1768.56
867.69
1086.05
696.82
1719.01
1676.77
799.36
1104.55
1736.95
590.83
1049.34
847.43
1754.69
1533.25
2021.90
891.42
1226.74
1276.28
1542.58
1916.89
669.66
1863.24
1382.70
1517.60
781.82
1402.21
1566.07
1875.11
1797.29
690.51
1653.46
1092.35
1892.33
1449.11
1601.23
1698.77
797.60
1160.39
957.08
934.17
1458.98
1469.82
1471.56
1421.01
1388.50
1560.95
1275.51
1390.51
1446.78
1956.62
1073.08
1901.30
1597.30
1704.26
1499.63
1063.80
1444.22
1977.05
1774.01
878.86
1419.38
1488.11
2048.58
1655.52
1654.39
1753.41
1411.67
1505.42
1663.52
1798.10
1112.60
1535.91
830.50
1737.95
1828.95
437.67
1650.00
1878.10
1803.85
1548.85
1432.18
760.66
1128.63
1836.46
1193.62
1767.81
1188.34
714.89
1551.18
1541.46
1416.79
1765.21
1204.58
473.85
883.73
1767.41
1955.82
1891.69
1647.08
1909.57
1350.35
1606.84
1706.95
1575.16
1361.88
1493.47
1431.26
1632.20
1042.78
1562.95
1493.48
1175.93
959.98
701.29
1781.83
1270.17
1506.91
776.44
1141.20
1464.53
1570.76
1024.92
1320.95
1750.91
737.52
1868.10
1021.74
821.94
1732.10
1005.25
1736.21
1939.49
1065.73
1780.71
1804.98
1897.48
752.63
386.60
971.90
1526.40
1773.13
606.27
1819.62
1813.04
1207.22
1608.36
954.00
735.37
1714.39
836.34
155.58
1279.71
1861.56
1808.43
1607.55
1966.49
1629.84
1982.52
1682.55
1272.98
1293.38
1698.60
941.05
1484.15
1496.66
1813.60
1213.49
1660.62
1176.62
1502.20
1572.14
1291.01
1377.90
1217.57
1902.21
1086.29
1729.83
2017.67
803.10
1865.65
155.07
1940.20
1308.69
1730.26
1741.47
961.96
1839.37
1951.89
1666.36
1637.21
548.64
1529.88
1835.25
1592.55
1469.71
1756.78
1049.21
1863.19
1600.95
1249.06
249.24
1920.43
448.96
240.90
1283.29
894.36
1809.72
1813.28
1486.43
1819.49
1570.90
1455.89
1541.16
1201.40
841.56
1795.93
1210.59
1492.61
1251.86
1337.92
1626.32
1674.99
1661.85
685.45
1481.06
1517.63
1852.82
1040.00
731.20
1174.15
1195.10
1365.09
1025.87
1647.80
1537.38
1665.23
782.08
1872.62
809.56
1961.12
1921.22
1493.64
1199.17
1490.03
895.39
1851.86
1257.87
956.62
1610.46
1063.94
872.09
529.33
900.21
527.19
1899.09
1913.53
1603.04
1316.36
1197.38
500.23
1592.73
1800.14
1115.76
397.76
1660.95
1654.37
569.77
1358.60
826.21
1009.94
1262.54
1986.83
992.67
373.70
1309.12
1870.16
1446.03
1862.74
1915.44
1324.83
1663.92
1881.84
1301.30
907.97
1023.39
1740.12
1428.12
1594.12
979.13
1616.85
1939.51
1769.40
1093.40
1893.77
1859.34
1369.31
1721.94
1451.81
962.94
1897.71
1330.37
1160.79
1505.50
1760.37
1480.87
576.54
1474.67
783.72
1066.61
211.62
1663.10
1854.78
1835.25
1239.33
1381.65
1706.20
1974.39
1654.02
1288.89
1465.43
676.54
1821.22
1865.51
1068.16
1804.48
1288.52
1717.25
1995.27
1643.50
689.88
908.23
1504.91
1873.01
1467.15
1195.54
1574.03
1307.89
1127.65
1788.18
1567.14
1827.06
1578.20
971.00
1811.12
1400.71
1662.23
995.48
1567.69
1049.68
958.43
1521.15
1608.58
1553.85
1345.19
1825.65
1131.79
788.20
926.99
1821.36
1648.59
1706.38
1365.78
1256.36
1318.21
773.66
1972.00
1107.48
1910.22
1034.94
1681.84
565.63
1362.98
1160.14
977.76
416.61
1698.51
1743.35
619.32
1257.69
1990.21
1839.78
1179.90
1888.54
1343.65
1580.34
1660.11
1492.86
2038.19
942.21
664.59
1951.16
1657.12
1228.95
1807.78
2087.88
1499.23
1567.01
1591.70
1415.23
1181.89
1276.49
1310.45
1580.57
1461.13
1937.24
1519.15
1573.16
1671.85
1673.61
1320.55
1927.44
1040.85
1430.98
1440.09
1598.89
2021.58
595.25
1026.31
1418.95
1941.73
1719.82
1098.49
1923.86
1639.67
1666.46
1655.98
920.24
881.07
1803.02
288.15
1840.25
1966.47
1859.21
1730.47
1377.51
1514.47
1495.81
1815.19
333.34
1598.54
1227.44
1257.09
1883.92
1334.17
1247.70
1493.10
1634.36
1572.74
1421.32
1599.60
1379.40
1807.10
892.03
1348.26
1092.50
1168.26
667.43
702.77
922.41
1590.87
622.46
1430.63
870.65
1521.35
1837.34
1905.59
1528.10
1906.61
1521.93
1352.12
1754.26
1891.65
1179.90
544.58
1194.35
1774.62
1615.81
1802.94
1963.32
663.31
408.61
1781.86
1108.18
1755.78
985.45
1856.69
1202.43
1584.62
1340.18
1216.46
1287.56
1433.01
1903.06
1234.36
1936.86
1494.09
1424.58
1555.07
1543.66
1871.44
1750.46
1565.29
1060.69
2041.92
1141.21
746.25
1597.56
1202.86
1588.12
835.43
1245.82
1240.56
1626.01
1663.00
2054.89
1234.50
1408.13
1456.39
564.97
1701.52
1547.87
1827.50
1878.76
528.35
609.19
1661.84
1865.29
1203.88
1881.85
825.26
1186.20
1380.71
767.72
2038.19
1444.15
1187.84
1874.50
1907.15
1474.86
1022.11
828.71
1482.94
1582.14
1778.30
1503.60
1651.14
1589.51
1092.33
1905.57
1625.99
1459.67
1839.69
298.42
1726.77
1435.66
1669.98
581.51
756.92
1825.81
1845.15
1342.29
894.76
1576.55
1881.54
1708.14
1346.66
1622.32
1636.13
1098.93
1778.26
1670.70
1510.74
1192.98
1312.53
891.11
1786.17
1945.01
1514.67
1867.71
2117.69
1817.54
1532.33
1741.92
693.63
957.50
1484.89
749.49
1509.02
1421.86
1865.31
1013.22
1845.88
1665.84
1584.43
1691.05
1568.54
1768.26
601.34
895.57
725.81
1382.74
794.53
1858.15
1619.79
2085.81
1598.36
1327.99
1115.83
458.31
915.40
1688.78
1489.09
1647.00
935.11
878.06
1379.43
1316.99
1461.43
990.47
951.77
1613.11
1475.98
1978.09
922.96
1239.39
540.35
669.10
1837.33
1410.56
1801.52
1563.40
1593.21
1398.78
1822.99
1824.34
1131.35
1908.96
1485.26
1588.55
930.27
1528.22
1731.43
316.46
1849.06
1901.71
1152.42
1507.78
973.02
1759.94
1184.81
1599.55
1495.76
1532.86
720.63
1731.00
1782.33
1619.38
997.37
1093.38
1849.75
755.34
1758.76
1965.59
831.32
1365.31
1889.91
1345.26
778.31
1754.04
1247.84
1220.58
1059.34
1826.80
988.02
1355.01
1980.51
1582.57
1150.74
1657.71
1913.31
1373.48
992.11
1431.66
1150.12
768.85
1236.06
1459.54
378.62
1634.41
426.23
1530.59
1264.78
1737.20
1638.58
1701.12
1467.18
1462.79
389.83
901.48
1491.31
1859.32
1275.84
1658.59
1897.67
1617.30
1423.10
1432.63
1233.97
1586.08
473.33
2135.52
1406.69
979.79
770.56
732.66
1936.57
1367.76
1450.57
1925.44
1772.50
1283.96
1608.70
1524.29
1031.32
1833.86
1668.77
1612.83
1711.50
1488.37
1943.54
1526.97
1704.48
1005.57
986.42
1689.61
1833.76
1413.62
999.33
2059.63
1453.56
1711.85
1573.19
1617.54
1473.32
1254.17
1607.04
1325.08
1892.60
1246.31
1740.40
1682.74
1591.90
2026.27
1372.24
1457.11
1603.90
1602.26
1458.45
973.25
1080.05
1608.55
1503.25
1827.99
1614.53
1306.01
925.08
1178.62
1001.86
1875.43
1516.12
1281.39
1797.05
1411.00
1728.75
1946.56
1893.32
1596.71
1662.99
1630.07
1256.36
512.30
1665.52
1971.68
1792.90
1750.42
2136.11
1731.00
1811.53
1252.38
1041.90
1278.65
1742.59
1596.60
1612.46
1236.29
1655.85
1677.21
833.81
1902.21
1466.60
1967.30
2091.51
1254.91
821.52
1622.81
1818.60
1809.80
1691.24
1086.30
1938.12
1845.76
1879.41
1101.76
1588.47
1900.29
337.09
617.21
1427.89
856.13
1265.66
1283.94
1760.06
997.35
1207.19
1156.99
1303.41
1713.14
1695.90
1376.17
1243.79
1661.01
1579.11
1544.99
980.91
1959.38
1439.21
1509.47
1366.27
1464.46
1733.73
1296.08
1097.56
395.26
956.44
1636.64
909.88
1452.74
1747.77
1573.02
2013.92
1879.16
1751.49
1665.71
1704.17
1448.01
1902.28
1607.63
1612.04
1882.42
1914.42
1411.81
1732.27
1533.59
1535.41
1798.32
966.84
1211.12
2048.59
1926.75
1426.99
982.59
1660.56
2010.71
1546.36
1631.19
1635.75
1943.43
978.33
1695.33
755.34
1284.87
1586.42
705.55
1520.33
1625.57
1866.34
1786.89
1592.87
1235.10
1127.66
1381.31
1861.27
1797.55
1520.71
1782.87
1364.09
942.35
1671.42
1292.28
1638.00
1256.30
1508.21
1822.88
1943.06
1921.88
1529.41
883.96
1877.58
1173.02
1651.11
1380.84
1707.74
1238.07
1000.37
1250.71
1678.76
1520.35
1546.44
1039.11
1677.69
1635.81
1914.43
1997.29
1952.28
452.25
1381.56
1085.46
1373.35
2031.61
785.86
1613.07
1815.89
1159.17
1296.02
1900.39
1770.77
1522.91
1622.06
609.89
809.45
1207.65
1624.95
1532.47
1680.42
1583.71
1571.30
1368.39
1586.68
826.03
1672.59
1818.61
1892.50
1911.78
1808.55
1543.88
897.13
959.88
1526.62
908.84
1459.89
1541.14
1608.58
913.09
1719.55
1889.48
1023.80
1805.30
956.97
931.05
1713.25
1338.67
1787.57
1873.24
1573.31
931.14
1493.92
953.21
1405.99
1589.14
1115.08
1717.59
1571.83
921.55
956.06
1424.86
1006.50
1987.16
1303.14
1302.53
1702.08
1401.97
836.20
1238.84
1532.38
890.83
625.32
618.50
471.17
1365.64
1798.62
726.58
1596.00
1641.79
1598.88
1578.88
1826.88
1857.18
856.79
1468.44
2045.96
1533.66
1672.89
1335.37
1268.57
1771.71
1413.79
1209.18
1081.53
1613.05
1722.51
1474.03
1227.22
1685.43
714.04
1041.30
953.64
1661.92
964.02
1326.43
811.47
891.40
1439.68
1010.55
901.06
375.02
1676.93
977.16
852.31
1848.68
746.43
1945.20
1303.95
1603.78
1902.38
1402.99
903.09
1805.96
1855.57
1765.82
655.34
1003.49
1102.20
1828.13
607.73
1468.49
1744.62
1518.60
1841.79
1163.04
1016.25
1702.38
1551.08
1903.66
1920.87
1496.02
1699.22
1710.78
702.81
1595.22
1022.60
1716.02
894.81
263.49
879.65
1344.18
1665.87
1855.01
986.92
1489.05
1334.30
857.31
1416.98
1636.62
1646.43
1583.15
1816.74
810.81
1639.01
778.64
1772.20
1248.74
1321.93
1045.32
1885.00
1375.57
1310.49
1943.82
1653.80
1258.01
1887.29
1700.43
1520.23
2020.92
1716.16
1248.19
1511.22
1384.96
1668.84
1235.21
1682.70
1241.93
1638.74
1666.95
1855.94
1888.75
2127.41
2090.43
730.19
1475.32
2035.67
1556.54
719.38
736.00
1191.68
1974.67
1378.30
1281.78
1776.67
835.60
1654.10
1556.37
1759.84
513.57
1012.78
1708.21
1728.31
921.78
1124.50
1964.60
1801.15
1741.58
1802.40
1171.69
541.66
1933.95
1462.89
1246.95
2124.45
1459.47
1775.41
1182.26
1612.62
1739.67
1823.45
1760.11
851.29
1742.32
1319.08
1637.98
1835.11
1396.17
1710.06
1382.18
1766.76
731.54
800.26
1286.73
1411.00
1769.10
1106.58
1911.89
1257.16
1479.59
1468.96
1426.20
1467.61
1173.52
1926.48
1885.37
1249.09
850.11
1042.74
1490.16
2093.29
786.91
1778.23
1333.07
2033.93
1416.02
1911.37
687.77
1637.63
1406.27
1045.33
1468.96
1138.43
975.04
1590.26
1234.62
1774.82
1573.26
1335.27
1657.25
1376.43
1557.32
1315.55
2159.00
1539.97
1590.27
1129.94
1297.13
1876.36
1613.27
1515.52
745.29
1389.81
1829.97
1651.53
1815.18
1976.64
865.32
1567.66
1777.69
1656.73
1016.96
1875.24
690.69
1537.69
1612.34
1437.26
1238.34
766.81
1233.68
1718.40
964.70
1587.92
1714.47
1489.46
1759.51
1270.64
1825.69
1595.66
1665.78
1752.42
399.18
1305.47
1112.30
1791.33
1860.51
503.33
1270.34
1339.29
1721.01
1887.01
1342.29
1850.12
1797.26
986.35
1568.65
1890.11
1591.31
1529.43
1452.66
1164.13
1849.11
1451.77
1352.05
1448.83
1786.54
1399.71
706.44
1537.18
1853.50
891.21
1447.91
1649.37
1450.21
1519.10
910.80
757.89
1719.87
1679.82
1182.19
1174.30
1900.56
1552.83
1913.06
583.35
1601.40
747.34
1312.96
1449.69
893.17
819.49
1337.92
780.20
1890.90
1331.35
1316.99
1812.01
1327.94
1472.11
1478.95
1361.25
1302.54
1373.56
1110.78
1696.67
897.33
630.04
942.67
578.27
2008.81
1707.37
1297.86
1182.19
443.41
1229.78
1447.29
1348.14
1162.93
2141.05
1233.47
1374.51
1617.22
1806.67
1846.39
1615.76
1711.25
1315.00
1743.91
1798.44
1391.14
1584.98
1420.06
843.10
1715.84
1273.91
1046.67
1838.00
1970.15
1825.68
1190.77
1673.11
873.33
882.19
1921.69
1264.55
1665.45
423.38
1338.05
1796.70
981.78
1629.95
1705.58
1896.01
236.90
1347.15
1962.93
1964.12
755.17
1313.95
1605.71
1898.78
1712.76
1939.22
1423.81
1500.33
797.44
1524.47
939.51
814.00
1474.57
198.80
1879.84
686.88
763.57
1546.14
1338.47
2042.58
1294.61
1887.80
1929.60
938.76
1906.51
1471.76
1963.35
829.25
698.27
1592.88
1690.98
1633.61
642.32
1721.34
2105.53
1198.04
1183.76
781.35
1750.88
1881.47
1726.73
2053.56
1616.30
1544.27
497.09
1224.03
1770.36
2034.74
1481.32
1836.06
796.32
1621.14
1318.99
